4.941787223000000395e+00	-3.694901400000000224e-02	1.000000000000000000e+00
4.889919863000000255e+00	3.860435309999999953e-01	1.000000000000000000e+00
5.200911508999999988e+00	2.117002169999999961e-01	1.000000000000000000e+00
4.971254638999999642e+00	4.246792229999999946e-01	1.000000000000000000e+00
4.928678425000000196e+00	7.061441720000000144e-01	1.000000000000000000e+00
5.016567116000000048e+00	5.646716760000000113e-01	1.000000000000000000e+00
4.821669922999999969e+00	7.399303900000000489e-01	1.000000000000000000e+00
4.936620932000000295e+00	6.966220309999999749e-01	1.000000000000000000e+00
4.978940914999999912e+00	9.425723070000000536e-01	1.000000000000000000e+00
5.023057477000000048e+00	1.016309549999999895e+00	1.000000000000000000e+00
4.919399012000000404e+00	1.076555235000000055e+00	1.000000000000000000e+00
4.844320534000000400e+00	1.364743918000000056e+00	1.000000000000000000e+00
4.956902262999999920e+00	1.353251908999999920e+00	1.000000000000000000e+00
5.041132424999999806e+00	1.436582680999999972e+00	1.000000000000000000e+00
4.883965489999999576e+00	1.569851048000000082e+00	1.000000000000000000e+00
4.688679353999999577e+00	1.828751358000000105e+00	1.000000000000000000e+00
4.715118547000000326e+00	1.715936241999999945e+00	1.000000000000000000e+00
4.630660564000000257e+00	1.873342888999999900e+00	1.000000000000000000e+00
4.608682073999999851e+00	1.944015156000000077e+00	1.000000000000000000e+00
4.550892660999999784e+00	1.937510776000000101e+00	1.000000000000000000e+00
4.521338571000000250e+00	1.974698081999999966e+00	1.000000000000000000e+00
4.462718371000000239e+00	2.232289940999999889e+00	1.000000000000000000e+00
4.464679108000000340e+00	2.408383274000000185e+00	1.000000000000000000e+00
4.264386317999999676e+00	2.287466654999999793e+00	1.000000000000000000e+00
4.531738123000000229e+00	2.770419566000000167e+00	1.000000000000000000e+00
4.368372697999999943e+00	2.533330401999999815e+00	1.000000000000000000e+00
4.280613064999999828e+00	2.698422991999999798e+00	1.000000000000000000e+00
3.957835282000000010e+00	2.773852150999999822e+00	1.000000000000000000e+00
4.093522142000000308e+00	2.898964800999999980e+00	1.000000000000000000e+00
4.054282707999999680e+00	2.588659644999999898e+00	1.000000000000000000e+00
3.869491629000000099e+00	2.876218047000000055e+00	1.000000000000000000e+00
3.839222368999999802e+00	2.920017361000000200e+00	1.000000000000000000e+00
3.826007836000000051e+00	3.094775365999999917e+00	1.000000000000000000e+00
3.843763860999999782e+00	3.197253490000000031e+00	1.000000000000000000e+00
3.774310255000000058e+00	3.206766994000000093e+00	1.000000000000000000e+00
3.453692135999999913e+00	3.323323938000000144e+00	1.000000000000000000e+00
3.633564626000000075e+00	3.613190627999999904e+00	1.000000000000000000e+00
3.437132704999999788e+00	3.728181306999999833e+00	1.000000000000000000e+00
3.410534811000000222e+00	3.657078387999999958e+00	1.000000000000000000e+00
3.316595688000000042e+00	3.660143408999999792e+00	1.000000000000000000e+00
3.293278298999999798e+00	3.842321942999999962e+00	1.000000000000000000e+00
3.166392473999999790e+00	3.583501615999999945e+00	1.000000000000000000e+00
3.321321241000000146e+00	3.822724420000000123e+00	1.000000000000000000e+00
3.215262099999999901e+00	4.084279341000000230e+00	1.000000000000000000e+00
2.671335635000000153e+00	4.044562234999999895e+00	1.000000000000000000e+00
2.878669502999999796e+00	4.184947628999999836e+00	1.000000000000000000e+00
2.826182591999999882e+00	4.222353004000000354e+00	1.000000000000000000e+00
2.708204267000000165e+00	4.262540068999999932e+00	1.000000000000000000e+00
2.757647674000000215e+00	4.328279333000000229e+00	1.000000000000000000e+00
2.482304738999999927e+00	4.331096628000000059e+00	1.000000000000000000e+00
2.471939977999999982e+00	4.377783753000000111e+00	1.000000000000000000e+00
2.237206961000000049e+00	4.326878122000000104e+00	1.000000000000000000e+00
2.253012388000000144e+00	4.576304448000000136e+00	1.000000000000000000e+00
2.259519560999999843e+00	4.614275983999999831e+00	1.000000000000000000e+00
1.960538384999999995e+00	4.649703122000000022e+00	1.000000000000000000e+00
1.837215480000000012e+00	4.596822567000000248e+00	1.000000000000000000e+00
1.705293804999999940e+00	4.781933277000000260e+00	1.000000000000000000e+00
1.787922677999999932e+00	4.779157093000000245e+00	1.000000000000000000e+00
1.631643637000000036e+00	4.752266213999999600e+00	1.000000000000000000e+00
1.437180010000000063e+00	4.624778909999999854e+00	1.000000000000000000e+00
1.341944548000000070e+00	4.966960068999999756e+00	1.000000000000000000e+00
1.381256494000000057e+00	4.783948715000000185e+00	1.000000000000000000e+00
1.193093202000000019e+00	4.736916204999999991e+00	1.000000000000000000e+00
1.271837545999999985e+00	4.965912019000000122e+00	1.000000000000000000e+00
1.084818043999999926e+00	4.935320427999999815e+00	1.000000000000000000e+00
1.066573889999999913e+00	5.024794307999999710e+00	1.000000000000000000e+00
9.800214400000000214e-01	4.829938842999999871e+00	1.000000000000000000e+00
6.665667880000000212e-01	5.066778221999999943e+00	1.000000000000000000e+00
7.359725929999999527e-01	5.069918436000000028e+00	1.000000000000000000e+00
5.361837990000000165e-01	4.998178360999999903e+00	1.000000000000000000e+00
3.856631090000000039e-01	4.978678000000000381e+00	1.000000000000000000e+00
4.513249480000000036e-01	5.020917757000000314e+00	1.000000000000000000e+00
2.337235370000000090e-01	5.036320567999999831e+00	1.000000000000000000e+00
-6.152382499999999727e-02	5.203163088000000158e+00	1.000000000000000000e+00
-5.351992500000000291e-02	5.213453864999999965e+00	1.000000000000000000e+00
-1.072903530000000050e-01	5.062910254000000165e+00	1.000000000000000000e+00
-2.582901020000000214e-01	5.157084809999999742e+00	1.000000000000000000e+00
-3.027427389999999829e-01	4.992026347999999558e+00	1.000000000000000000e+00
-3.617603719999999967e-01	5.093796958000000430e+00	1.000000000000000000e+00
-6.254823600000000150e-01	4.837430643000000252e+00	1.000000000000000000e+00
-5.549489210000000394e-01	4.989883993000000295e+00	1.000000000000000000e+00
-9.051418289999999534e-01	5.042163401999999905e+00	1.000000000000000000e+00
-8.938599449999999891e-01	4.978558769000000161e+00	1.000000000000000000e+00
-8.200529549999999723e-01	5.005187802000000019e+00	1.000000000000000000e+00
-1.105555853000000033e+00	4.887229557999999585e+00	1.000000000000000000e+00
-1.049332367999999960e+00	4.991401046000000008e+00	1.000000000000000000e+00
-1.184217373999999934e+00	4.996665325999999574e+00	1.000000000000000000e+00
-1.251269479999999934e+00	4.868642957999999688e+00	1.000000000000000000e+00
-1.516859506999999940e+00	4.816126859999999787e+00	1.000000000000000000e+00
-1.469433875000000000e+00	4.860950271000000100e+00	1.000000000000000000e+00
-1.645289634000000056e+00	4.711847942000000344e+00	1.000000000000000000e+00
-1.630963109000000077e+00	4.816966062999999743e+00	1.000000000000000000e+00
-1.834846903000000085e+00	4.579541546999999824e+00	1.000000000000000000e+00
-1.935030618999999952e+00	4.630098696000000125e+00	1.000000000000000000e+00
-1.970479016000000083e+00	4.239190917000000169e+00	1.000000000000000000e+00
-1.980329192999999988e+00	4.346982641000000314e+00	1.000000000000000000e+00
-2.310492507999999834e+00	4.321110052999999951e+00	1.000000000000000000e+00
-2.395999746999999847e+00	4.297982259000000305e+00	1.000000000000000000e+00
-2.368498483000000210e+00	4.525457248999999571e+00	1.000000000000000000e+00
-2.589153870000000079e+00	4.262267955999999636e+00	1.000000000000000000e+00
-2.713264715999999854e+00	4.346272567999999836e+00	1.000000000000000000e+00
-2.798562564000000030e+00	4.211924913999999909e+00	1.000000000000000000e+00
-2.854076914999999826e+00	4.125823009000000319e+00	1.000000000000000000e+00
-2.822713618999999952e+00	4.173869794999999883e+00	1.000000000000000000e+00
-3.073634209999999811e+00	3.936559363000000200e+00	1.000000000000000000e+00
-3.100777201000000094e+00	3.906579025000000094e+00	1.000000000000000000e+00
-3.049302575000000015e+00	3.858122648000000154e+00	1.000000000000000000e+00
-3.274377306999999959e+00	3.613130214999999978e+00	1.000000000000000000e+00
-3.306211467999999876e+00	3.828926904999999881e+00	1.000000000000000000e+00
-3.257189320999999804e+00	3.786846922000000060e+00	1.000000000000000000e+00
-3.488172657999999871e+00	3.564522225000000155e+00	1.000000000000000000e+00
-3.365561914000000154e+00	3.310082841999999914e+00	1.000000000000000000e+00
-3.452065622000000111e+00	3.511678514999999834e+00	1.000000000000000000e+00
-3.742404431999999836e+00	3.476041484000000015e+00	1.000000000000000000e+00
-3.796616155000000159e+00	3.463739160999999900e+00	1.000000000000000000e+00
-3.608711549000000129e+00	3.436799651999999927e+00	1.000000000000000000e+00
-3.867675548999999879e+00	3.099881730999999974e+00	1.000000000000000000e+00
-4.004542150999999883e+00	3.000505089999999875e+00	1.000000000000000000e+00
-4.047276473000000152e+00	2.802075767999999911e+00	1.000000000000000000e+00
-4.004194897999999725e+00	2.998751453000000122e+00	1.000000000000000000e+00
-4.126088119000000276e+00	2.768371484999999854e+00	1.000000000000000000e+00
-4.162422141000000408e+00	2.706547014999999945e+00	1.000000000000000000e+00
-4.253461556999999615e+00	2.736892468999999828e+00	1.000000000000000000e+00
-4.215354772000000416e+00	2.460627784000000151e+00	1.000000000000000000e+00
-4.234907578999999700e+00	2.438144636000000087e+00	1.000000000000000000e+00
-4.502592574000000347e+00	2.146046425999999840e+00	1.000000000000000000e+00
-4.568488299000000197e+00	2.319042083999999893e+00	1.000000000000000000e+00
-4.549361946000000323e+00	2.038653071999999788e+00	1.000000000000000000e+00
-4.423068423000000138e+00	2.291905283999999821e+00	1.000000000000000000e+00
-4.583832323000000208e+00	2.070479290999999833e+00	1.000000000000000000e+00
-4.473578886000000310e+00	1.887123533000000020e+00	1.000000000000000000e+00
-4.719210966000000340e+00	1.902679881000000073e+00	1.000000000000000000e+00
-4.696433472999999914e+00	1.702502345000000084e+00	1.000000000000000000e+00
-4.760146663999999639e+00	1.657144509999999960e+00	1.000000000000000000e+00
-4.645944917999999646e+00	1.592255589000000082e+00	1.000000000000000000e+00
-4.659973239000000156e+00	1.562841667999999906e+00	1.000000000000000000e+00
-4.794453210000000354e+00	1.297903285000000073e+00	1.000000000000000000e+00
-4.912809616999999740e+00	1.289627206000000026e+00	1.000000000000000000e+00
-4.773642563000000116e+00	1.183516298000000022e+00	1.000000000000000000e+00
-4.834370054999999944e+00	9.631147249999999493e-01	1.000000000000000000e+00
-4.997358496999999566e+00	7.100523810000000102e-01	1.000000000000000000e+00
-4.764394914000000369e+00	7.344188400000000172e-01	1.000000000000000000e+00
-4.911981779999999631e+00	8.531632080000000062e-01	1.000000000000000000e+00
-4.953637977999999720e+00	4.695775489999999830e-01	1.000000000000000000e+00
-5.152817869999999800e+00	6.512513500000000066e-01	1.000000000000000000e+00
-5.076543692999999635e+00	4.475798970000000043e-01	1.000000000000000000e+00
-4.896761263000000142e+00	4.455995999999999846e-01	1.000000000000000000e+00
-4.962345994999999732e+00	2.605863560000000190e-01	1.000000000000000000e+00
-4.993814021999999575e+00	1.215831660000000064e-01	1.000000000000000000e+00
-5.044483433999999988e+00	-5.314942500000000014e-02	1.000000000000000000e+00
-5.014445411999999713e+00	-1.479000960000000087e-01	1.000000000000000000e+00
-4.985989851000000250e+00	-1.534932689999999877e-01	1.000000000000000000e+00
-4.988096752999999772e+00	-2.252379640000000127e-01	1.000000000000000000e+00
-5.007750711999999993e+00	-2.914761319999999989e-01	1.000000000000000000e+00
-5.075397092000000221e+00	-5.109702310000000525e-01	1.000000000000000000e+00
-5.095553408999999867e+00	-7.068862460000000514e-01	1.000000000000000000e+00
-5.042818425000000104e+00	-6.838973170000000046e-01	1.000000000000000000e+00
-4.962522737999999656e+00	-9.122615020000000019e-01	1.000000000000000000e+00
-4.902098879999999603e+00	-9.417291159999999772e-01	1.000000000000000000e+00
-4.930179189999999601e+00	-1.161372555000000029e+00	1.000000000000000000e+00
-4.798648362999999861e+00	-1.126440662999999898e+00	1.000000000000000000e+00
-4.779368411000000094e+00	-1.110043737999999891e+00	1.000000000000000000e+00
-4.939849031999999696e+00	-1.317864893000000093e+00	1.000000000000000000e+00
-4.908738750000000373e+00	-1.473878456000000003e+00	1.000000000000000000e+00
-4.744748074000000315e+00	-1.685219338000000011e+00	1.000000000000000000e+00
-4.852898731999999882e+00	-1.620943349999999894e+00	1.000000000000000000e+00
-4.677628445999999940e+00	-1.652016820999999913e+00	1.000000000000000000e+00
-4.835297470999999625e+00	-1.784310335000000025e+00	1.000000000000000000e+00
-4.561342199000000264e+00	-1.792169510999999993e+00	1.000000000000000000e+00
-4.571769139999999787e+00	-2.015772146000000209e+00	1.000000000000000000e+00
-4.522882488999999673e+00	-2.222138941999999950e+00	1.000000000000000000e+00
-4.432152752999999556e+00	-2.370556962000000212e+00	1.000000000000000000e+00
-4.517597767999999903e+00	-2.309320506000000162e+00	1.000000000000000000e+00
-4.318501604999999799e+00	-2.337762548000000162e+00	1.000000000000000000e+00
-4.308820307999999599e+00	-2.306898824000000126e+00	1.000000000000000000e+00
-4.129686588000000214e+00	-2.668965612000000043e+00	1.000000000000000000e+00
-4.087735144999999903e+00	-2.624257286999999828e+00	1.000000000000000000e+00
-3.972136437000000075e+00	-2.705621198999999866e+00	1.000000000000000000e+00
-4.101057925000000104e+00	-2.809733309999999928e+00	1.000000000000000000e+00
-3.835596423999999782e+00	-2.935371615000000212e+00	1.000000000000000000e+00
-4.214686730000000381e+00	-3.206044847999999892e+00	1.000000000000000000e+00
-4.018791496000000407e+00	-3.242298922999999888e+00	1.000000000000000000e+00
-3.928335453999999949e+00	-3.225122081999999946e+00	1.000000000000000000e+00
-3.854558797000000148e+00	-3.431999234000000065e+00	1.000000000000000000e+00
-3.752087128999999965e+00	-3.261102750000000050e+00	1.000000000000000000e+00
-3.677882818000000054e+00	-3.533664998999999973e+00	1.000000000000000000e+00
-3.558769392999999948e+00	-3.527656552999999917e+00	1.000000000000000000e+00
-3.481708860999999988e+00	-3.535426672999999909e+00	1.000000000000000000e+00
-3.649336588999999798e+00	-3.579720954999999982e+00	1.000000000000000000e+00
-3.313628507999999862e+00	-3.773669710000000066e+00	1.000000000000000000e+00
-3.206625170000000136e+00	-3.747345580000000176e+00	1.000000000000000000e+00
-3.129301727000000088e+00	-3.991298857999999949e+00	1.000000000000000000e+00
-3.168868634999999934e+00	-3.982362476000000040e+00	1.000000000000000000e+00
-3.120042381000000198e+00	-3.993786628000000061e+00	1.000000000000000000e+00
-2.871873519000000208e+00	-3.928970848000000071e+00	1.000000000000000000e+00
-2.766227708000000174e+00	-4.097945268000000141e+00	1.000000000000000000e+00
-2.881122566999999801e+00	-4.185054277999999961e+00	1.000000000000000000e+00
-2.639489472999999808e+00	-4.218743733000000162e+00	1.000000000000000000e+00
-2.580844045000000087e+00	-4.361598573000000201e+00	1.000000000000000000e+00
-2.671533750000000040e+00	-4.349240670000000364e+00	1.000000000000000000e+00
-2.334477930999999895e+00	-4.380338405999999907e+00	1.000000000000000000e+00
-2.265952550000000176e+00	-4.436901313999999985e+00	1.000000000000000000e+00
-2.163256873999999996e+00	-4.350636967999999882e+00	1.000000000000000000e+00
-2.242894875000000177e+00	-4.644157385999999832e+00	1.000000000000000000e+00
-2.144422340000000204e+00	-4.462871912999999857e+00	1.000000000000000000e+00
-1.861227576000000106e+00	-4.684172130000000323e+00	1.000000000000000000e+00
-1.804785152000000004e+00	-4.778652937000000378e+00	1.000000000000000000e+00
-1.758679539000000069e+00	-4.473303190000000207e+00	1.000000000000000000e+00
-1.664017185999999926e+00	-4.656498703999999655e+00	1.000000000000000000e+00
-1.508538055999999905e+00	-4.778619965999999941e+00	1.000000000000000000e+00
-1.553705545999999993e+00	-4.976733665000000251e+00	1.000000000000000000e+00
-1.382486915999999955e+00	-4.895531515000000056e+00	1.000000000000000000e+00
-1.362431793000000058e+00	-4.774041501000000132e+00	1.000000000000000000e+00
-1.219191452000000009e+00	-4.846486052999999572e+00	1.000000000000000000e+00
-9.979983789999999910e-01	-4.920633147000000207e+00	1.000000000000000000e+00
-8.983491670000000040e-01	-4.747267766000000222e+00	1.000000000000000000e+00
-9.799429910000000410e-01	-4.991359066000000233e+00	1.000000000000000000e+00
-7.845040009999999508e-01	-5.095964663000000172e+00	1.000000000000000000e+00
-6.292577839999999867e-01	-4.881820087999999558e+00	1.000000000000000000e+00
-3.024054899999999990e-01	-4.833917022999999702e+00	1.000000000000000000e+00
-3.044032400000000194e-01	-5.089219049999999633e+00	1.000000000000000000e+00
-2.370416180000000095e-01	-4.870973354000000199e+00	1.000000000000000000e+00
-2.262083629999999956e-01	-4.925048386000000278e+00	1.000000000000000000e+00
-2.579794269999999834e-01	-4.911623988999999746e+00	1.000000000000000000e+00
-1.798556869999999863e-01	-5.158249589999999607e+00	1.000000000000000000e+00
4.042084600000000333e-02	-5.008961990000000419e+00	1.000000000000000000e+00
4.186477829999999956e-01	-4.912563653000000308e+00	1.000000000000000000e+00
2.986537710000000123e-01	-4.898170219999999908e+00	1.000000000000000000e+00
4.295160239999999963e-01	-5.044507101999999854e+00	1.000000000000000000e+00
4.842157890000000076e-01	-4.989151232000000213e+00	1.000000000000000000e+00
6.828225279999999842e-01	-4.931975806999999712e+00	1.000000000000000000e+00
7.812376859999999867e-01	-4.879897277999999616e+00	1.000000000000000000e+00
6.209128689999999784e-01	-4.829297019000000191e+00	1.000000000000000000e+00
9.287454379999999787e-01	-4.874361347999999872e+00	1.000000000000000000e+00
1.155813393000000078e+00	-4.839279867000000124e+00	1.000000000000000000e+00
1.137967269000000003e+00	-4.677595492000000021e+00	1.000000000000000000e+00
1.331163416000000099e+00	-4.888425129999999896e+00	1.000000000000000000e+00
1.391652341999999987e+00	-4.831762579000000279e+00	1.000000000000000000e+00
1.726649901999999903e+00	-4.864532739999999578e+00	1.000000000000000000e+00
1.711433307000000070e+00	-4.821648376999999819e+00	1.000000000000000000e+00
1.575676681000000023e+00	-4.773291350000000044e+00	1.000000000000000000e+00
1.642713910000000110e+00	-4.650525957000000155e+00	1.000000000000000000e+00
1.797383906000000087e+00	-4.616614904000000408e+00	1.000000000000000000e+00
2.019619184000000178e+00	-4.796511492999999682e+00	1.000000000000000000e+00
1.869890390999999985e+00	-4.438290811999999974e+00	1.000000000000000000e+00
2.074944653999999833e+00	-4.618769826000000300e+00	1.000000000000000000e+00
2.183799918000000062e+00	-4.461598745999999949e+00	1.000000000000000000e+00
2.195388212000000117e+00	-4.425300414999999710e+00	1.000000000000000000e+00
2.452867331000000206e+00	-4.384526979000000324e+00	1.000000000000000000e+00
2.494668612999999979e+00	-4.475582462000000206e+00	1.000000000000000000e+00
2.519025335999999893e+00	-4.391892866000000062e+00	1.000000000000000000e+00
2.689764031000000166e+00	-4.254677210999999737e+00	1.000000000000000000e+00
2.719069157999999931e+00	-4.226871764000000198e+00	1.000000000000000000e+00
2.822823645000000159e+00	-4.197955934000000333e+00	1.000000000000000000e+00
2.901825078999999974e+00	-4.191587353000000071e+00	1.000000000000000000e+00
3.041252202999999987e+00	-4.079615217999999821e+00	1.000000000000000000e+00
2.974203537000000175e+00	-3.826712822999999819e+00	1.000000000000000000e+00
3.088396486999999802e+00	-3.807967337000000008e+00	1.000000000000000000e+00
3.262666750000000171e+00	-3.571595015000000206e+00	1.000000000000000000e+00
3.142751789000000073e+00	-3.660789373000000069e+00	1.000000000000000000e+00
3.481915417000000179e+00	-3.571126426999999826e+00	1.000000000000000000e+00
3.502599317000000045e+00	-3.582049222999999838e+00	1.000000000000000000e+00
3.685504318000000001e+00	-3.596516910000000067e+00	1.000000000000000000e+00
3.570998164000000141e+00	-3.418581234999999996e+00	1.000000000000000000e+00
3.752940077999999957e+00	-3.530978324999999973e+00	1.000000000000000000e+00
3.803342139999999816e+00	-3.253237798999999875e+00	1.000000000000000000e+00
3.846411752999999933e+00	-3.204691200000000073e+00	1.000000000000000000e+00
3.867618167999999912e+00	-2.947121328000000151e+00	1.000000000000000000e+00
4.148601268000000175e+00	-3.107958036999999951e+00	1.000000000000000000e+00
4.083173867000000179e+00	-2.918865853999999871e+00	1.000000000000000000e+00
4.188789252000000296e+00	-2.862943237000000085e+00	1.000000000000000000e+00
4.118697764000000205e+00	-2.762058788000000042e+00	1.000000000000000000e+00
4.085326880000000216e+00	-2.700440976999999965e+00	1.000000000000000000e+00
4.094714261000000022e+00	-2.443385934999999787e+00	1.000000000000000000e+00
4.283715156000000412e+00	-2.426688302000000075e+00	1.000000000000000000e+00
4.577294142000000399e+00	-2.494724482000000076e+00	1.000000000000000000e+00
4.397514916999999635e+00	-2.375360310000000030e+00	1.000000000000000000e+00
4.447388743000000311e+00	-2.126531067000000164e+00	1.000000000000000000e+00
4.333833443999999702e+00	-2.018073455000000127e+00	1.000000000000000000e+00
4.639278090000000354e+00	-2.015028974999999889e+00	1.000000000000000000e+00
4.671985584999999830e+00	-1.973045343999999979e+00	1.000000000000000000e+00
4.783593462999999879e+00	-1.828796939000000066e+00	1.000000000000000000e+00
4.628145518000000180e+00	-1.779761547999999971e+00	1.000000000000000000e+00
4.865660062999999980e+00	-1.637591405000000000e+00	1.000000000000000000e+00
4.732481886000000415e+00	-1.496438702000000065e+00	1.000000000000000000e+00
4.778033919000000296e+00	-1.407910640999999963e+00	1.000000000000000000e+00
4.800433819000000213e+00	-1.293071711000000068e+00	1.000000000000000000e+00
4.978679953000000324e+00	-1.284716202999999890e+00	1.000000000000000000e+00
4.934267701999999645e+00	-1.183281105000000055e+00	1.000000000000000000e+00
4.856111403999999965e+00	-1.045678279999999960e+00	1.000000000000000000e+00
4.884346868999999813e+00	-9.952023150000000040e-01	1.000000000000000000e+00
4.788826948999999722e+00	-9.404880159999999822e-01	1.000000000000000000e+00
5.001900306999999657e+00	-5.821635029999999711e-01	1.000000000000000000e+00
4.836580255000000328e+00	-6.750895529999999534e-01	1.000000000000000000e+00
5.051149382000000188e+00	-5.321444600000000413e-01	1.000000000000000000e+00
5.102033773999999688e+00	-4.938298990000000166e-01	1.000000000000000000e+00
4.949163383000000138e+00	-4.910552140000000176e-01	1.000000000000000000e+00
4.894871822999999900e+00	-9.052377500000000077e-02	1.000000000000000000e+00
5.029053613000000311e+00	-1.522234620000000038e-01	1.000000000000000000e+00
5.030598292999999721e+00	-6.297112100000000490e-02	1.000000000000000000e+00
1.005118595999999975e+01	2.839457999999999913e-02	2.000000000000000000e+00
1.010083022000000064e+01	4.323775180000000162e-01	2.000000000000000000e+00
1.003870550999999978e+01	5.627639890000000200e-01	2.000000000000000000e+00
9.840363319999999803e+00	7.086794309999999708e-01	2.000000000000000000e+00
9.751689738999999690e+00	1.058898509000000043e+00	2.000000000000000000e+00
9.770819347999999849e+00	1.371692517999999916e+00	2.000000000000000000e+00
9.834786219999999801e+00	1.586604826999999940e+00	2.000000000000000000e+00
9.854503636000000455e+00	1.565050682000000082e+00	2.000000000000000000e+00
9.833755608000000592e+00	2.032073648999999982e+00	2.000000000000000000e+00
9.741868492000000046e+00	2.047919429999999874e+00	2.000000000000000000e+00
9.775482890999999341e+00	2.332841151999999862e+00	2.000000000000000000e+00
9.642787384000000017e+00	2.547233063999999825e+00	2.000000000000000000e+00
9.560033690999999223e+00	2.674306263000000072e+00	2.000000000000000000e+00
9.687555044999999865e+00	2.984426940000000084e+00	2.000000000000000000e+00
9.659419741000000670e+00	3.152119985000000124e+00	2.000000000000000000e+00
9.521831061000000318e+00	3.222598418000000020e+00	2.000000000000000000e+00
9.414575417000000002e+00	3.543927296000000116e+00	2.000000000000000000e+00
9.282127880000000886e+00	3.837218297999999805e+00	2.000000000000000000e+00
9.358825010000000333e+00	3.838868113000000193e+00	2.000000000000000000e+00
9.023037478999999195e+00	3.910474161999999865e+00	2.000000000000000000e+00
9.062324589999999347e+00	4.171016972000000322e+00	2.000000000000000000e+00
8.891604088999999433e+00	4.565819993999999937e+00	2.000000000000000000e+00
8.772409123999999281e+00	4.665541881000000224e+00	2.000000000000000000e+00
8.701263410999999337e+00	4.694299873000000289e+00	2.000000000000000000e+00
8.774798167000000149e+00	5.086739795999999814e+00	2.000000000000000000e+00
8.624556204999999309e+00	5.197331858000000082e+00	2.000000000000000000e+00
8.437524927000000119e+00	5.359341940000000193e+00	2.000000000000000000e+00
8.408231796999999119e+00	5.533720251000000090e+00	2.000000000000000000e+00
8.136597598999999903e+00	5.627274555999999706e+00	2.000000000000000000e+00
8.236650802999999854e+00	5.889391704000000338e+00	2.000000000000000000e+00
7.802960205999999843e+00	5.994787109999999863e+00	2.000000000000000000e+00
7.802351644999999891e+00	6.264643254000000105e+00	2.000000000000000000e+00
7.854725143999999659e+00	6.510123872000000311e+00	2.000000000000000000e+00
7.563567190999999745e+00	6.509495021000000214e+00	2.000000000000000000e+00
7.479978632999999988e+00	6.759858741000000393e+00	2.000000000000000000e+00
7.330262814000000127e+00	6.851774707999999769e+00	2.000000000000000000e+00
7.073610494000000415e+00	6.917122273999999571e+00	2.000000000000000000e+00
6.990831833999999745e+00	7.076187285999999688e+00	2.000000000000000000e+00
6.734641789000000323e+00	7.309237234000000250e+00	2.000000000000000000e+00
6.531140709999999849e+00	7.436293183000000084e+00	2.000000000000000000e+00
6.628061867000000440e+00	7.566590238999999940e+00	2.000000000000000000e+00
6.298581184999999749e+00	7.646141688000000158e+00	2.000000000000000000e+00
6.207828262999999680e+00	7.804323203000000042e+00	2.000000000000000000e+00
5.945032023000000443e+00	8.046595884000000254e+00	2.000000000000000000e+00
5.977366016000000393e+00	8.070046453999999869e+00	2.000000000000000000e+00
5.783915131999999737e+00	8.190915755000000686e+00	2.000000000000000000e+00
5.683992916000000228e+00	8.225354268000000246e+00	2.000000000000000000e+00
5.248618010999999584e+00	8.534132742000000604e+00	2.000000000000000000e+00
5.256583809000000329e+00	8.561587986999999345e+00	2.000000000000000000e+00
5.083581976999999696e+00	8.833190908000000618e+00	2.000000000000000000e+00
4.763737335000000073e+00	8.677860092999999608e+00	2.000000000000000000e+00
4.864514282000000023e+00	8.809817712999999273e+00	2.000000000000000000e+00
4.211139694999999961e+00	9.004008113999999452e+00	2.000000000000000000e+00
4.149392881999999894e+00	9.020337646999999848e+00	2.000000000000000000e+00
3.992948548999999847e+00	9.106759721999999613e+00	2.000000000000000000e+00
3.957080533000000067e+00	9.280585599000000130e+00	2.000000000000000000e+00
3.624477188000000183e+00	9.178241336999999334e+00	2.000000000000000000e+00
3.696616838999999821e+00	9.403132865999999979e+00	2.000000000000000000e+00
3.139017522000000060e+00	9.501807456999999957e+00	2.000000000000000000e+00
3.099180157999999796e+00	9.485566885000000781e+00	2.000000000000000000e+00
2.945542902000000129e+00	9.514188411999999317e+00	2.000000000000000000e+00
2.670865249999999858e+00	9.470249142000000120e+00	2.000000000000000000e+00
2.500567457999999910e+00	9.670990792999999641e+00	2.000000000000000000e+00
2.021474305999999999e+00	9.480565930999999225e+00	2.000000000000000000e+00
2.152396331999999912e+00	9.704585173999999981e+00	2.000000000000000000e+00
1.856989854000000051e+00	9.706799974000000830e+00	2.000000000000000000e+00
1.655725851999999998e+00	9.759874829999999335e+00	2.000000000000000000e+00
1.608706055000000079e+00	9.965763914000000057e+00	2.000000000000000000e+00
1.037220969000000048e+00	1.006700544999999991e+01	2.000000000000000000e+00
1.029444757000000044e+00	9.976199447000000831e+00	2.000000000000000000e+00
9.381027779999999705e-01	1.000566307999999971e+01	2.000000000000000000e+00
7.422197879999999914e-01	9.894922444000000539e+00	2.000000000000000000e+00
3.054466250000000271e-01	1.002536807000000074e+01	2.000000000000000000e+00
2.144059500000000118e-01	9.902662902999999517e+00	2.000000000000000000e+00
-6.728963000000000132e-03	9.831488654999999355e+00	2.000000000000000000e+00
-1.417482700000000095e-01	1.002342055000000087e+01	2.000000000000000000e+00
-3.523151250000000068e-01	1.010872194999999962e+01	2.000000000000000000e+00
-6.940642080000000158e-01	9.935091782000000649e+00	2.000000000000000000e+00
-8.465878190000000192e-01	1.003357182000000059e+01	2.000000000000000000e+00
-9.388211159999999555e-01	9.984419767000000334e+00	2.000000000000000000e+00
-1.258807940999999930e+00	1.003617621000000071e+01	2.000000000000000000e+00
-1.501081335999999933e+00	1.003557578000000028e+01	2.000000000000000000e+00
-1.785884784999999919e+00	9.836424189000000595e+00	2.000000000000000000e+00
-1.913955658999999976e+00	9.591958246000000798e+00	2.000000000000000000e+00
-2.154534999000000006e+00	9.767512378999999356e+00	2.000000000000000000e+00
-2.329753826000000139e+00	9.812415610000000399e+00	2.000000000000000000e+00
-2.539667954000000005e+00	9.749827128999999815e+00	2.000000000000000000e+00
-2.730921604000000169e+00	9.521677936999999758e+00	2.000000000000000000e+00
-2.778115940999999811e+00	9.612777068999999841e+00	2.000000000000000000e+00
-3.191574978999999868e+00	9.536421574000000234e+00	2.000000000000000000e+00
-3.292132871999999821e+00	9.403838732000000533e+00	2.000000000000000000e+00
-3.546645406000000111e+00	9.423758853000000713e+00	2.000000000000000000e+00
-3.578863804000000037e+00	9.262717452000000407e+00	2.000000000000000000e+00
-3.733751461000000216e+00	9.250778867999999378e+00	2.000000000000000000e+00
-3.965313599999999994e+00	9.082695774999999472e+00	2.000000000000000000e+00
-4.203343194000000338e+00	8.867787535999999804e+00	2.000000000000000000e+00
-4.226839004000000344e+00	8.936321619999999299e+00	2.000000000000000000e+00
-4.561504875999999875e+00	8.987387475000000236e+00	2.000000000000000000e+00
-4.740186654999999583e+00	8.651141742000000079e+00	2.000000000000000000e+00
-5.027183872000000164e+00	8.631366398000000828e+00	2.000000000000000000e+00
-5.141831471999999792e+00	8.569161633000000222e+00	2.000000000000000000e+00
-5.350224083999999714e+00	8.639019838999999479e+00	2.000000000000000000e+00
-5.337936213999999957e+00	8.553541364999999175e+00	2.000000000000000000e+00
-5.593292546999999892e+00	8.122608506000000617e+00	2.000000000000000000e+00
-6.052773143999999661e+00	8.014103776000000678e+00	2.000000000000000000e+00
-5.975236854000000264e+00	7.958808840999999745e+00	2.000000000000000000e+00
-6.219383820000000007e+00	7.820536766000000028e+00	2.000000000000000000e+00
-6.247068203000000430e+00	7.807707653999999664e+00	2.000000000000000000e+00
-6.545970226999999753e+00	7.622158208000000101e+00	2.000000000000000000e+00
-6.535854952000000218e+00	7.409432618000000303e+00	2.000000000000000000e+00
-7.131862177000000358e+00	7.396336359000000193e+00	2.000000000000000000e+00
-7.301247780999999826e+00	7.163292023000000341e+00	2.000000000000000000e+00
-7.153052226999999874e+00	6.965454259999999564e+00	2.000000000000000000e+00
-7.357052214000000312e+00	6.905805635000000109e+00	2.000000000000000000e+00
-7.303760242000000069e+00	6.747218333000000179e+00	2.000000000000000000e+00
-7.526513830999999932e+00	6.519275816000000390e+00	2.000000000000000000e+00
-7.605933280000000352e+00	6.431966025999999559e+00	2.000000000000000000e+00
-8.050967889000000710e+00	6.246692347999999839e+00	2.000000000000000000e+00
-7.916715944999999977e+00	5.997225071999999990e+00	2.000000000000000000e+00
-8.096264101999999241e+00	5.811291231000000224e+00	2.000000000000000000e+00
-8.225714619999999755e+00	5.692020347999999785e+00	2.000000000000000000e+00
-8.297340419999999384e+00	5.422037755999999931e+00	2.000000000000000000e+00
-8.394944736999999435e+00	5.409166908999999634e+00	2.000000000000000000e+00
-8.639129484999999775e+00	5.183844119999999833e+00	2.000000000000000000e+00
-8.695882577000000779e+00	5.084904637000000172e+00	2.000000000000000000e+00
-8.749523032000000811e+00	4.893529539000000206e+00	2.000000000000000000e+00
-9.009877381000000796e+00	4.654943536000000215e+00	2.000000000000000000e+00
-9.077656581999999474e+00	4.467160955999999850e+00	2.000000000000000000e+00
-9.116174416999999863e+00	4.321438779000000174e+00	2.000000000000000000e+00
-9.216282840999999948e+00	4.075481622999999942e+00	2.000000000000000000e+00
-9.203938288999999884e+00	3.852254761999999833e+00	2.000000000000000000e+00
-9.129883065999999658e+00	3.805054419999999826e+00	2.000000000000000000e+00
-9.439088505000000850e+00	3.286398221999999869e+00	2.000000000000000000e+00
-9.667609580000000591e+00	3.202584666999999996e+00	2.000000000000000000e+00
-9.723283003000000591e+00	3.065600461999999915e+00	2.000000000000000000e+00
-9.508116675000000129e+00	3.038591069999999839e+00	2.000000000000000000e+00
-9.574729900999999543e+00	2.621969410000000167e+00	2.000000000000000000e+00
-9.823497521000000177e+00	2.608946833000000076e+00	2.000000000000000000e+00
-9.752935890999999913e+00	2.564555322999999998e+00	2.000000000000000000e+00
-9.787936868999999263e+00	2.021965079000000109e+00	2.000000000000000000e+00
-9.876642408000000373e+00	2.017695800999999900e+00	2.000000000000000000e+00
-9.928961593000000363e+00	1.699558973999999889e+00	2.000000000000000000e+00
-9.659120873999999191e+00	1.520728861000000043e+00	2.000000000000000000e+00
-9.896996158000000321e+00	1.373154208000000098e+00	2.000000000000000000e+00
-9.854126950999999579e+00	1.028913431999999961e+00	2.000000000000000000e+00
-9.920393400000000028e+00	8.142037540000000018e-01	2.000000000000000000e+00
-9.988145777999999808e+00	5.460379119999999586e-01	2.000000000000000000e+00
-1.000549700999999914e+01	3.976756359999999990e-01	2.000000000000000000e+00
-9.916916462999999737e+00	1.905160979999999948e-01	2.000000000000000000e+00
-1.000463393000000067e+01	1.382391179999999942e-01	2.000000000000000000e+00
-9.900821572999999987e+00	-3.156423800000000002e-01	2.000000000000000000e+00
-9.751066271999999202e+00	-2.540490510000000257e-01	2.000000000000000000e+00
-1.008416904000000081e+01	-6.080702890000000416e-01	2.000000000000000000e+00
-9.920111543999999171e+00	-8.280150509999999464e-01	2.000000000000000000e+00
-9.905354472999999160e+00	-1.112861204000000104e+00	2.000000000000000000e+00
-9.871888337999999763e+00	-1.257308032000000075e+00	2.000000000000000000e+00
-9.820586623000000515e+00	-1.365939680999999961e+00	2.000000000000000000e+00
-9.822252777999999296e+00	-1.650901699999999916e+00	2.000000000000000000e+00
-9.668716786999999258e+00	-1.843856893999999969e+00	2.000000000000000000e+00
-9.766376571000000339e+00	-2.087567930000000072e+00	2.000000000000000000e+00
-9.586666893000000300e+00	-2.335480232000000100e+00	2.000000000000000000e+00
-9.654278754999999990e+00	-2.358315533999999936e+00	2.000000000000000000e+00
-9.779203170000000611e+00	-2.788914999000000172e+00	2.000000000000000000e+00
-9.521250892999999493e+00	-2.826756044000000134e+00	2.000000000000000000e+00
-9.500368115000000557e+00	-3.034969160000000166e+00	2.000000000000000000e+00
-9.597990172999999459e+00	-3.331069496000000019e+00	2.000000000000000000e+00
-9.472435014000000209e+00	-3.556977101000000197e+00	2.000000000000000000e+00
-9.465253754000000797e+00	-3.655032376999999943e+00	2.000000000000000000e+00
-9.248462535999999901e+00	-3.810842096000000012e+00	2.000000000000000000e+00
-9.308115778999999534e+00	-4.156879636000000211e+00	2.000000000000000000e+00
-8.968040358999999739e+00	-4.213967958999999652e+00	2.000000000000000000e+00
-9.082246273999999175e+00	-4.371320370000000288e+00	2.000000000000000000e+00
-8.599572956999999462e+00	-4.549539262999999778e+00	2.000000000000000000e+00
-8.677362156999999243e+00	-4.845076431999999933e+00	2.000000000000000000e+00
-8.462052096000000745e+00	-5.079537239000000426e+00	2.000000000000000000e+00
-8.376041716999999664e+00	-5.144585636000000406e+00	2.000000000000000000e+00
-8.334375971000000050e+00	-5.483428183000000011e+00	2.000000000000000000e+00
-8.315006001000000424e+00	-5.609719812999999888e+00	2.000000000000000000e+00
-8.206267203999999538e+00	-5.740684743000000090e+00	2.000000000000000000e+00
-7.942589714000000356e+00	-5.816010870000000388e+00	2.000000000000000000e+00
-7.701911731000000039e+00	-5.921182284000000351e+00	2.000000000000000000e+00
-7.803887815999999589e+00	-6.201450583999999822e+00	2.000000000000000000e+00
-7.915182354999999781e+00	-6.259646388000000172e+00	2.000000000000000000e+00
-7.584537378000000274e+00	-6.549037541999999767e+00	2.000000000000000000e+00
-7.403098522999999709e+00	-6.690324885999999971e+00	2.000000000000000000e+00
-7.224165058999999722e+00	-7.122061011999999636e+00	2.000000000000000000e+00
-7.236623572000000060e+00	-7.036518726999999807e+00	2.000000000000000000e+00
-6.872697024999999904e+00	-7.095516134000000363e+00	2.000000000000000000e+00
-6.639838531999999738e+00	-7.442662871999999652e+00	2.000000000000000000e+00
-6.651653405000000241e+00	-7.465357929999999698e+00	2.000000000000000000e+00
-6.762842704999999732e+00	-7.539293473999999939e+00	2.000000000000000000e+00
-6.218500002999999943e+00	-7.771080656999999725e+00	2.000000000000000000e+00
-6.198968157999999562e+00	-7.880059609999999992e+00	2.000000000000000000e+00
-5.970157011000000402e+00	-7.762047314000000142e+00	2.000000000000000000e+00
-6.028240199999999938e+00	-8.022346494000000661e+00	2.000000000000000000e+00
-5.772415107999999684e+00	-8.079619263999999745e+00	2.000000000000000000e+00
-5.331312514000000391e+00	-8.357406172999999328e+00	2.000000000000000000e+00
-5.594260831999999795e+00	-8.511504048000000822e+00	2.000000000000000000e+00
-4.995396179000000103e+00	-8.586485302999999902e+00	2.000000000000000000e+00
-4.988805063000000040e+00	-8.681225945999999638e+00	2.000000000000000000e+00
-4.788572051000000052e+00	-8.868174115000000413e+00	2.000000000000000000e+00
-4.581971303000000439e+00	-8.784651203999999325e+00	2.000000000000000000e+00
-4.555840846999999805e+00	-8.956938393999999803e+00	2.000000000000000000e+00
-4.281752844999999752e+00	-9.107443606000000358e+00	2.000000000000000000e+00
-3.835863386999999847e+00	-9.157966349000000505e+00	2.000000000000000000e+00
-3.945483965999999842e+00	-9.142448221000000430e+00	2.000000000000000000e+00
-3.755123696000000066e+00	-9.406153228999999172e+00	2.000000000000000000e+00
-3.389088356999999885e+00	-9.246467079000000311e+00	2.000000000000000000e+00
-3.251967801999999796e+00	-9.466250540000000768e+00	2.000000000000000000e+00
-3.116936685000000207e+00	-9.579596391000000821e+00	2.000000000000000000e+00
-2.845670917000000077e+00	-9.498908443999999562e+00	2.000000000000000000e+00
-2.562747775000000061e+00	-9.844539559999999412e+00	2.000000000000000000e+00
-2.691417726000000066e+00	-9.747536002000000366e+00	2.000000000000000000e+00
-2.264620332999999874e+00	-9.848350996000000634e+00	2.000000000000000000e+00
-2.128737552000000033e+00	-9.698915520999999984e+00	2.000000000000000000e+00
-1.839201325000000109e+00	-9.886162237000000630e+00	2.000000000000000000e+00
-1.714879052999999987e+00	-9.823396767000000196e+00	2.000000000000000000e+00
-1.212737662999999966e+00	-9.784402825000000803e+00	2.000000000000000000e+00
-1.165410685999999973e+00	-9.888946201999999630e+00	2.000000000000000000e+00
-1.138545455999999900e+00	-1.005424389999999946e+01	2.000000000000000000e+00
-9.919682749999999549e-01	-1.009167848999999961e+01	2.000000000000000000e+00
-5.312448170000000358e-01	-9.984404099000000699e+00	2.000000000000000000e+00
-3.888455530000000104e-01	-1.003852116000000017e+01	2.000000000000000000e+00
-2.973506989999999961e-01	-1.001446516999999936e+01	2.000000000000000000e+00
-2.846566799999999953e-02	-9.993290518000000233e+00	2.000000000000000000e+00
1.959356409999999937e-01	-1.001985786000000012e+01	2.000000000000000000e+00
5.159564330000000476e-01	-9.983692724999999157e+00	2.000000000000000000e+00
5.748431170000000145e-01	-1.009315997000000031e+01	2.000000000000000000e+00
9.254174760000000166e-01	-9.904125489000000115e+00	2.000000000000000000e+00
7.917415479999999617e-01	-9.939251102000000060e+00	2.000000000000000000e+00
1.213885043000000108e+00	-9.894103293000000576e+00	2.000000000000000000e+00
1.515251015000000034e+00	-9.970430300000000301e+00	2.000000000000000000e+00
1.630424062999999979e+00	-1.004298267000000067e+01	2.000000000000000000e+00
1.890707984000000064e+00	-9.886474665999999800e+00	2.000000000000000000e+00
2.197021751999999939e+00	-9.731398636999999852e+00	2.000000000000000000e+00
2.166148273000000124e+00	-9.860380444000000466e+00	2.000000000000000000e+00
2.550127094000000039e+00	-9.861015396000000877e+00	2.000000000000000000e+00
2.693647188999999997e+00	-9.708702089999999174e+00	2.000000000000000000e+00
3.113611174999999953e+00	-9.582749247000000636e+00	2.000000000000000000e+00
3.204016579000000142e+00	-9.575342093999999804e+00	2.000000000000000000e+00
3.223221078999999989e+00	-9.501919720000000069e+00	2.000000000000000000e+00
3.513684329999999800e+00	-9.567363909000000888e+00	2.000000000000000000e+00
3.548201048000000135e+00	-9.221327928999999202e+00	2.000000000000000000e+00
3.765889193000000024e+00	-9.239726235999999204e+00	2.000000000000000000e+00
4.040356955000000028e+00	-9.084139416999999384e+00	2.000000000000000000e+00
4.153600503999999916e+00	-8.979165138000000823e+00	2.000000000000000000e+00
4.334095338000000019e+00	-9.095992684000000494e+00	2.000000000000000000e+00
4.624521986999999612e+00	-8.915327065999999689e+00	2.000000000000000000e+00
4.715788868999999828e+00	-8.738053671999999494e+00	2.000000000000000000e+00
4.946655320999999716e+00	-8.558667841000000109e+00	2.000000000000000000e+00
5.157215890999999885e+00	-8.493763140000000433e+00	2.000000000000000000e+00
5.544675130999999979e+00	-8.635042473000000385e+00	2.000000000000000000e+00
5.412363701000000304e+00	-8.200016431999999966e+00	2.000000000000000000e+00
5.589252823999999897e+00	-8.218356882000000141e+00	2.000000000000000000e+00
5.901458738999999731e+00	-8.005886157999999142e+00	2.000000000000000000e+00
5.884815341000000366e+00	-7.992470631999999853e+00	2.000000000000000000e+00
6.131893617000000241e+00	-7.806067748000000250e+00	2.000000000000000000e+00
6.358634121999999778e+00	-7.662771228000000434e+00	2.000000000000000000e+00
6.611004534000000099e+00	-7.562445549000000433e+00	2.000000000000000000e+00
6.612424115999999685e+00	-7.315729117000000059e+00	2.000000000000000000e+00
6.678652690999999919e+00	-7.247033946000000171e+00	2.000000000000000000e+00
7.041231030999999696e+00	-7.104948766999999776e+00	2.000000000000000000e+00
7.145180630999999671e+00	-7.031712716000000363e+00	2.000000000000000000e+00
7.284700016000000389e+00	-6.926461412000000095e+00	2.000000000000000000e+00
7.438986561000000108e+00	-6.607486211000000331e+00	2.000000000000000000e+00
7.495112091000000198e+00	-6.415972282000000249e+00	2.000000000000000000e+00
7.669715781999999926e+00	-6.548897909999999989e+00	2.000000000000000000e+00
7.811805210000000166e+00	-6.064186685000000132e+00	2.000000000000000000e+00
8.189037826999999936e+00	-6.071929650999999595e+00	2.000000000000000000e+00
8.209324280000000584e+00	-5.965683781000000074e+00	2.000000000000000000e+00
8.217350837999999769e+00	-5.797687413000000234e+00	2.000000000000000000e+00
8.417380294000000873e+00	-5.482005827000000053e+00	2.000000000000000000e+00
8.698267343999999568e+00	-5.274375340999999828e+00	2.000000000000000000e+00
8.587148356000000149e+00	-5.225696830999999598e+00	2.000000000000000000e+00
8.638310239999999141e+00	-4.984471470999999987e+00	2.000000000000000000e+00
8.672580986999999908e+00	-4.919640165999999759e+00	2.000000000000000000e+00
8.818441517000000118e+00	-4.499138935000000394e+00	2.000000000000000000e+00
9.064078950000000745e+00	-4.358981238000000147e+00	2.000000000000000000e+00
9.052919441000000234e+00	-4.176979644000000214e+00	2.000000000000000000e+00
9.274611644000000155e+00	-4.028688396999999810e+00	2.000000000000000000e+00
9.258465698000000188e+00	-3.645345960000000218e+00	2.000000000000000000e+00
9.369864627000000112e+00	-3.764099179000000017e+00	2.000000000000000000e+00
9.366014479000000392e+00	-3.480151332999999791e+00	2.000000000000000000e+00
9.449699320000000569e+00	-3.254554161000000168e+00	2.000000000000000000e+00
9.347491257999999803e+00	-3.034716990000000170e+00	2.000000000000000000e+00
9.552723348000000669e+00	-2.907852098000000218e+00	2.000000000000000000e+00
9.598962603000000371e+00	-2.716254388999999936e+00	2.000000000000000000e+00
9.706646869000000066e+00	-2.616215191999999856e+00	2.000000000000000000e+00
9.722644153999999261e+00	-2.362760499999999819e+00	2.000000000000000000e+00
9.856543665000000232e+00	-2.100774433999999857e+00	2.000000000000000000e+00
9.855940859000000387e+00	-1.865772753999999978e+00	2.000000000000000000e+00
9.838400977999999242e+00	-1.603543048999999998e+00	2.000000000000000000e+00
1.000573145999999980e+01	-1.592324180000000089e+00	2.000000000000000000e+00
9.953471353999999494e+00	-1.332353931000000102e+00	2.000000000000000000e+00
9.911919080000000548e+00	-1.012896749000000041e+00	2.000000000000000000e+00
1.012605426999999914e+01	-8.050234069999999686e-01	2.000000000000000000e+00
9.780051523999999219e+00	-3.903035149999999898e-01	2.000000000000000000e+00
9.997999475000000302e+00	-4.517183499999999907e-01	2.000000000000000000e+00
1.006355729000000032e+01	-5.354950399999999777e-02	2.000000000000000000e+00
9.996882445000000672e+00	1.404394579999999892e-01	2.000000000000000000e+00
5.903998019999999736e-01	-6.747765300000000410e-01	3.000000000000000000e+00
-6.262547910000000329e-01	-7.620046369999999847e-01	3.000000000000000000e+00
-2.047120800000000115e-02	-3.271895999999999832e-03	3.000000000000000000e+00
-1.088275989999999971e-01	9.194879169999999879e-01	3.000000000000000000e+00
2.926260199999999867e-01	-3.192285469999999736e-01	3.000000000000000000e+00
4.187296620000000025e-01	1.705355020000000055e-01	3.000000000000000000e+00
5.093733639999999951e-01	-5.523761209999999977e-01	3.000000000000000000e+00
-4.479498459999999849e-01	5.025341190000000013e-01	3.000000000000000000e+00
3.594053540000000102e-01	-4.898097690000000060e-01	3.000000000000000000e+00
3.101960080000000231e-01	1.191410300000000054e-02	3.000000000000000000e+00
-5.129500630000000116e-01	9.944721700000000442e-02	3.000000000000000000e+00
8.585272459999999661e-01	8.343873280000000392e-01	3.000000000000000000e+00
-3.000324679999999966e-01	-4.283219620000000005e-01	3.000000000000000000e+00
-6.068094990000000299e-01	5.144004580000000049e-01	3.000000000000000000e+00
-4.978322840000000138e-01	5.074581889999999484e-01	3.000000000000000000e+00
2.320893519999999988e-01	-2.391083059999999927e-01	3.000000000000000000e+00
-5.342230199999999790e-02	1.356432810000000044e-01	3.000000000000000000e+00
-2.966809859999999799e-01	-8.482914209999999899e-01	3.000000000000000000e+00
6.616572560000000269e-01	-8.920997630000000456e-01	3.000000000000000000e+00
1.705281820000000004e-01	6.159510599999999669e-02	3.000000000000000000e+00
-2.096156499999999867e-01	5.395447027000000340e+00	1.000000000000000000e+00
1.442781599999999956e-02	5.933535101000000367e+00	1.000000000000000000e+00
-9.533550500000000094e-02	9.138417079999999970e+00	2.000000000000000000e+00
-1.270414377000000039e+00	8.388701909999999984e+00	2.000000000000000000e+00
-9.807388689999999576e-01	8.051035320000000439e+00	2.000000000000000000e+00
-4.550794659999999880e-01	6.468650063000000117e+00	1.000000000000000000e+00
-1.199947679999999961e+00	8.964538334000000219e+00	2.000000000000000000e+00
7.016686399999999546e-01	6.277959644000000061e+00	1.000000000000000000e+00
-1.310620230999999913e+00	9.101429246000000362e+00	2.000000000000000000e+00
-1.214094323000000086e+00	6.587984983000000128e+00	1.000000000000000000e+00
-8.723647469999999959e-01	7.083448667999999948e+00	1.000000000000000000e+00
-6.114439480000000149e-01	6.544572823000000206e+00	1.000000000000000000e+00
-8.327803190000000466e-01	7.464614876999999815e+00	1.000000000000000000e+00
-7.194053219999999582e-01	7.001654648999999786e+00	1.000000000000000000e+00
