-4.822490000000000165e+00	-5.040216999999999814e+01	4.020861000000000018e+00	1.000000000000000000e+00
-4.446012000000000342e+01	2.096467000000000169e+01	-1.149206000000000039e+01	1.000000000000000000e+00
5.000101999999999691e+01	7.807480999999999449e-01	9.134460000000000690e+00	1.000000000000000000e+00
-4.169908000000000214e+01	-2.231006000000000000e+01	1.631411999999999907e+01	1.000000000000000000e+00
4.425241999999999898e+00	-4.666663999999999923e+00	5.022373999999999938e+01	1.000000000000000000e+00
2.726058000000000092e+01	2.338604000000000127e+01	3.506772000000000133e+01	1.000000000000000000e+00
-1.998799999999999955e+01	-6.638055999999999734e+00	4.586818000000000239e+01	1.000000000000000000e+00
4.757039999999999935e+01	-1.571323999999999943e+00	1.587209999999999965e+01	1.000000000000000000e+00
4.187639999999999674e+01	1.083020999999999923e+01	2.464421000000000106e+01	1.000000000000000000e+00
1.585934999999999917e+01	1.468599999999999994e+01	4.409608999999999668e+01	1.000000000000000000e+00
-3.377252000000000010e+01	-3.660114999999999696e+01	3.766671999999999798e+00	1.000000000000000000e+00
3.218304999999999971e+00	-4.484078999999999837e+01	2.252914000000000172e+01	1.000000000000000000e+00
4.314059999999999562e+00	-2.829593000000000025e+00	-5.004402000000000328e+01	1.000000000000000000e+00
2.273310000000000031e+01	-3.376487000000000194e+01	2.855148000000000152e+01	1.000000000000000000e+00
5.453126000000000140e+00	4.356793999999999834e+00	4.895405000000000229e+01	1.000000000000000000e+00
6.473626999999999576e+00	4.940686999999999784e+01	3.539394000000000151e-01	1.000000000000000000e+00
-2.138691000000000031e+01	4.432753999999999905e+01	-9.408566000000000429e+00	1.000000000000000000e+00
3.433926000000000300e+01	-1.168791000000000047e+01	3.482703999999999667e+01	1.000000000000000000e+00
-2.538081000000000031e+00	-4.035179999999999723e+01	2.940644999999999953e+01	1.000000000000000000e+00
1.416784999999999961e+01	-3.562283000000000044e+01	-3.261538000000000181e+01	1.000000000000000000e+00
3.307119000000000142e+01	-2.815822999999999965e+01	-2.345108000000000104e+01	1.000000000000000000e+00
-4.586113999999999891e+01	2.049557000000000073e+00	2.106677000000000177e+01	1.000000000000000000e+00
-4.506056000000000239e+01	1.624831999999999965e+01	1.540648000000000017e+01	1.000000000000000000e+00
1.135567999999999955e+01	-8.953777999999999793e+00	-4.902085999999999899e+01	1.000000000000000000e+00
2.694641999999999982e+01	-3.228737999999999886e+01	2.570605000000000118e+01	1.000000000000000000e+00
2.397625999999999991e+01	4.349893999999999750e+01	8.875033999999999423e+00	1.000000000000000000e+00
-2.261321999999999832e+01	1.120519999999999960e+00	4.384599999999999653e+01	1.000000000000000000e+00
-4.664605000000000246e+01	1.300357999999999947e+01	1.479078999999999944e+01	1.000000000000000000e+00
-4.389159999999999684e+01	-1.832660999999999873e+01	1.900224000000000046e+01	1.000000000000000000e+00
-7.459889999999999688e+00	-1.262892000000000081e+01	-4.842609999999999815e+01	1.000000000000000000e+00
4.877461000000000269e+01	-1.088640999999999970e+01	-9.436040999999999457e-01	1.000000000000000000e+00
-4.572059999999999746e+01	-2.005999999999999872e+01	-9.225777000000000783e+00	1.000000000000000000e+00
-3.163733999999999824e+01	-2.273955000000000126e+01	3.127342000000000155e+01	1.000000000000000000e+00
-4.295418999999999699e+01	2.221346000000000132e+01	1.199868000000000023e+01	1.000000000000000000e+00
7.238982000000000472e-01	-5.390863999999999656e-01	5.049663999999999930e+01	1.000000000000000000e+00
-3.667464999999999975e+01	-1.173223999999999911e+01	3.175296000000000163e+01	1.000000000000000000e+00
-2.696181999999999945e+01	-4.271377999999999986e+01	-4.202611000000000097e+00	1.000000000000000000e+00
-1.254397999999999946e+01	-4.417072999999999894e+01	1.712192999999999898e+01	1.000000000000000000e+00
-3.791277000000000008e+00	1.023479999999999990e+01	4.789529999999999887e+01	1.000000000000000000e+00
-2.104880999999999780e+00	-2.757671999999999901e+00	4.914903000000000333e+01	1.000000000000000000e+00
1.593932000000000038e+01	-4.047240000000000038e+01	2.266676999999999964e+01	1.000000000000000000e+00
2.082794000000000167e+01	2.235718999999999923e+01	3.869671000000000305e+01	1.000000000000000000e+00
3.487015999999999849e+01	2.749710999999999927e+01	2.086705999999999861e+01	1.000000000000000000e+00
7.022448999999999941e+00	1.049432000000000009e+01	-4.806277999999999651e+01	1.000000000000000000e+00
1.693300999999999945e+01	-4.636225999999999914e+01	-1.005663999999999980e+01	1.000000000000000000e+00
4.895566999999999780e+01	-9.864451000000000747e+00	3.758180999999999883e-01	1.000000000000000000e+00
-1.047964999999999947e+01	-2.389418999999999826e+01	4.389175999999999789e+01	1.000000000000000000e+00
-3.377526000000000028e+00	-4.336406000000000205e+01	-2.322464000000000084e+01	1.000000000000000000e+00
-1.727796000000000021e+01	3.943854999999999933e+01	2.445212000000000074e+01	1.000000000000000000e+00
-2.078939000000000092e+01	4.421985000000000099e+01	3.807859999999999800e+00	1.000000000000000000e+00
1.970844999999999914e+01	-2.333271999999999835e+01	-4.017329000000000150e+01	1.000000000000000000e+00
-1.806350000000000122e+01	-1.248334000000000010e+01	-4.534062999999999732e+01	1.000000000000000000e+00
1.100464000000000020e+01	2.833155999999999963e+01	-3.906953000000000031e+01	1.000000000000000000e+00
-1.204288000000000025e+01	-3.505995999999999668e+01	-3.367099000000000331e+01	1.000000000000000000e+00
-5.762871999999999773e+00	3.568634000000000128e+01	3.441024000000000171e+01	1.000000000000000000e+00
3.277244999999999919e+01	-2.681581999999999866e+01	-2.731608999999999909e+01	1.000000000000000000e+00
4.349358999999999753e+00	-1.573847999999999914e+01	-4.658156000000000319e+01	1.000000000000000000e+00
-3.743160000000000309e+01	-1.333146999999999949e+01	-2.936226999999999876e+01	1.000000000000000000e+00
1.095148999999999928e+00	-2.895145000000000124e+01	4.119409000000000276e+01	1.000000000000000000e+00
2.081152000000000157e+01	-4.509924000000000177e+01	6.718619999999999592e+00	1.000000000000000000e+00
-1.663654000000000011e+01	4.085904000000000025e+01	2.328948000000000107e+01	1.000000000000000000e+00
-4.946473999999999904e+01	-9.365016999999999925e+00	4.165512999999999799e+00	1.000000000000000000e+00
-3.293833000000000055e+01	3.747075999999999851e+01	5.488566999999999751e+00	1.000000000000000000e+00
-3.469398999999999944e+01	-1.347161000000000008e+01	-3.368292999999999893e+01	1.000000000000000000e+00
-1.700924000000000103e+00	3.878388999999999864e+00	-5.018907000000000096e+01	1.000000000000000000e+00
9.342565999999999704e+00	-4.816570999999999714e+01	5.786603000000000385e+00	1.000000000000000000e+00
-7.621772999999999465e-01	2.429449999999999943e-01	5.054068000000000183e+01	1.000000000000000000e+00
-2.253896999999999906e+01	-1.074837999999999960e+00	-4.507567000000000235e+01	1.000000000000000000e+00
-4.322574000000000183e+01	-1.992554000000000158e+01	-1.480757999999999974e+01	1.000000000000000000e+00
1.464229999999999976e-01	-2.590253000000000139e+00	-4.944740000000000180e+01	1.000000000000000000e+00
3.509461999999999904e+01	3.527067999999999870e+01	3.152403000000000066e+00	1.000000000000000000e+00
-1.335171000000000063e+01	-4.121441000000000088e+01	2.529177999999999926e+01	1.000000000000000000e+00
5.156830000000000247e+00	1.648379999999999868e+01	-4.640706999999999738e+01	1.000000000000000000e+00
1.757124999999999915e+01	-2.734732999999999947e+01	3.769288000000000238e+01	1.000000000000000000e+00
4.025838000000000250e+01	2.112824000000000169e+01	-2.243710000000000093e+01	1.000000000000000000e+00
3.977911999999999892e+01	-2.723687999999999931e+01	-1.381376000000000026e+01	1.000000000000000000e+00
-1.020640999999999998e+01	1.249038000000000004e+01	4.736393999999999949e+01	1.000000000000000000e+00
-2.897766000000000020e+01	-9.167267000000000721e+00	-4.012532999999999817e+01	1.000000000000000000e+00
5.347855000000000025e+00	9.703274999999999650e+00	4.881819999999999737e+01	1.000000000000000000e+00
-2.934843000000000046e+01	-2.973357999999999990e+01	-2.720795000000000030e+01	1.000000000000000000e+00
7.751598999999999684e+00	-1.210409999999999986e+00	4.848496999999999701e+01	1.000000000000000000e+00
-2.017438999999999893e+01	3.400704999999999956e+01	-2.997804999999999964e+01	1.000000000000000000e+00
-1.591191000000000022e+00	-9.643010000000000304e+00	-4.889730999999999739e+01	1.000000000000000000e+00
-4.799000999999999806e+01	-3.734926000000000190e+00	-1.351070999999999955e+01	1.000000000000000000e+00
-3.108115000000000094e+01	2.226070999999999955e+01	-3.188626999999999967e+01	1.000000000000000000e+00
-2.465024999999999977e+01	-3.861415000000000219e+01	2.005759000000000114e+01	1.000000000000000000e+00
2.615158999999999789e+00	2.341465000000000174e+01	4.452570000000000050e+01	1.000000000000000000e+00
2.987216000000000093e+01	-3.888779999999999859e+01	3.377873999999999821e+00	1.000000000000000000e+00
-2.257601999999999975e+01	-1.456695999999999991e+01	-4.173751000000000033e+01	1.000000000000000000e+00
7.257201000000000235e+00	1.453641000000000005e+01	4.757258999999999816e+01	1.000000000000000000e+00
2.867004000000000019e+01	4.182245000000000346e+01	4.503478000000000314e+00	1.000000000000000000e+00
-4.433256999999999692e+01	-1.193140999999999963e+01	2.189895999999999887e+01	1.000000000000000000e+00
1.260859999999999914e+01	1.471034000000000042e+01	4.588678000000000168e+01	1.000000000000000000e+00
3.484004999999999797e+01	3.395953999999999695e+01	-1.087016000000000027e+01	1.000000000000000000e+00
6.930851999999999569e-01	4.770752000000000237e+01	1.527311000000000085e+01	1.000000000000000000e+00
-4.055071999999999832e+01	1.007820000000000071e+01	-2.785772000000000048e+01	1.000000000000000000e+00
3.646811000000000291e+01	2.591995999999999967e+01	-2.274992999999999910e+01	1.000000000000000000e+00
4.604883999999999844e+01	-1.870015000000000072e+01	-9.746981999999999147e+00	1.000000000000000000e+00
-1.125559999999999938e+01	1.499202999999999975e+01	4.656660999999999717e+01	1.000000000000000000e+00
-2.634761999999999915e+01	2.801286999999999949e+01	3.183715000000000117e+01	1.000000000000000000e+00
2.770889999999999986e+01	-3.165223999999999904e+01	2.768706999999999852e+01	1.000000000000000000e+00
4.957815000000000083e+00	2.793575999999999837e+00	4.931642000000000081e+01	1.000000000000000000e+00
1.202477999999999980e+01	-3.042038000000000153e+01	-3.749502999999999986e+01	1.000000000000000000e+00
-3.390339999999999776e+01	3.337337000000000131e+01	1.362382999999999988e+01	1.000000000000000000e+00
-6.913065999999999933e-01	5.059888000000000119e+01	-3.136346000000000078e+00	1.000000000000000000e+00
-2.128546000000000049e+01	3.115772000000000119e+01	3.229715999999999809e+01	1.000000000000000000e+00
5.779592000000000063e+00	-4.921897999999999662e+00	4.971488999999999692e+01	1.000000000000000000e+00
4.765301999999999794e+01	2.013214000000000059e+00	1.781435000000000102e+01	1.000000000000000000e+00
-1.125032999999999994e+01	-3.235076999999999714e+01	3.686448000000000036e+01	1.000000000000000000e+00
-2.676125000000000043e+01	3.864195999999999742e+01	-1.724928999999999846e+01	1.000000000000000000e+00
4.896191999999999922e+01	-1.358527999999999913e+01	-6.522584000000000160e-01	1.000000000000000000e+00
-4.106392000000000309e+01	-8.996116999999999919e+00	2.571000000000000085e+01	1.000000000000000000e+00
-2.652001999999999882e+01	-4.199598000000000297e+01	-8.558903000000000816e+00	1.000000000000000000e+00
-3.885770999999999731e+01	3.128568999999999889e+01	9.822041000000000466e+00	1.000000000000000000e+00
-2.515191000000000177e+00	-4.694445999999999941e+01	-1.517955000000000076e+01	1.000000000000000000e+00
6.503940000000000055e+00	-8.794935000000000613e+00	-4.828182999999999936e+01	1.000000000000000000e+00
1.496288999999999980e+01	-9.978585000000000704e+00	4.697516999999999854e+01	1.000000000000000000e+00
-2.025608000000000075e+00	4.964100999999999930e-02	5.052980000000000160e+01	1.000000000000000000e+00
4.088566000000000145e+01	1.621841999999999828e+01	-2.476219000000000037e+01	1.000000000000000000e+00
-1.430979999999999919e+01	1.665691999999999950e+01	4.546714000000000055e+01	1.000000000000000000e+00
-3.276650000000000063e+00	5.021280000000000143e+01	6.635320000000000107e+00	1.000000000000000000e+00
-2.798439000000000121e+01	1.286504000000000048e+01	-3.989967000000000041e+01	1.000000000000000000e+00
-4.452040000000000219e+01	2.009092000000000056e+01	-1.179887000000000086e+01	1.000000000000000000e+00
-3.049969000000000108e+01	1.616691000000000145e+01	-3.579538000000000153e+01	1.000000000000000000e+00
-1.312977000000000061e+01	4.415610999999999819e+01	-1.723430000000000106e+01	1.000000000000000000e+00
1.569403999999999932e+01	4.658118999999999943e+01	-1.078499000000000052e+01	1.000000000000000000e+00
4.421565000000000190e+00	-4.555505000000000249e-01	4.946495000000000175e+01	1.000000000000000000e+00
2.823170000000000002e+01	-3.173839999999999861e+01	2.418816999999999950e+01	1.000000000000000000e+00
-2.290542999999999907e+01	-4.052252000000000010e+01	1.815121999999999858e+01	1.000000000000000000e+00
1.099909000000000070e+01	3.317302999999999713e+01	3.623687999999999931e+01	1.000000000000000000e+00
4.735365000000000180e+01	-1.680534000000000106e+01	2.047461000000000197e+00	1.000000000000000000e+00
-3.360902000000000100e+01	-3.143791999999999831e+01	2.079607999999999990e+01	1.000000000000000000e+00
1.020812000000000053e+00	-2.477212999999999887e+00	5.058570000000000277e+01	1.000000000000000000e+00
-2.579635000000000034e+01	6.522166999999999604e+00	4.305138000000000176e+01	1.000000000000000000e+00
-2.533395000000000064e+00	4.720672000000000423e+00	-4.926160999999999746e+01	1.000000000000000000e+00
3.890561999999999898e+01	1.180128000000000021e+01	3.041467000000000098e+01	1.000000000000000000e+00
-8.893620000000000303e+00	-4.405494000000000199e+01	2.070421999999999940e+01	1.000000000000000000e+00
-3.685224999999999795e+01	-1.028442000000000078e+01	-3.186346999999999952e+01	1.000000000000000000e+00
-4.443240999999999730e+01	7.083097999999999894e-01	2.280295999999999879e+01	1.000000000000000000e+00
-1.725394000000000005e+01	2.209700000000000131e+01	4.154160999999999859e+01	1.000000000000000000e+00
-6.064972000000000030e+00	-1.646601000000000070e+01	-4.684797999999999973e+01	1.000000000000000000e+00
4.750892000000000337e+01	-1.184642000000000017e+01	7.375437999999999938e+00	1.000000000000000000e+00
1.913516999999999868e+01	4.067304000000000030e+01	-2.305782999999999916e+01	1.000000000000000000e+00
-1.702271000000000001e+01	1.134863999999999962e+01	-4.525961999999999819e+01	1.000000000000000000e+00
4.437608000000000175e+01	-1.880899000000000143e+01	-1.502566000000000024e+01	1.000000000000000000e+00
-2.487963000000000147e+00	9.622863000000000389e-01	-5.034179000000000315e+01	1.000000000000000000e+00
2.199980000000000047e+01	-4.385000999999999749e+01	5.786807999999999730e+00	1.000000000000000000e+00
1.212233999999999945e+01	-2.815303000000000111e+01	3.930494000000000199e+01	1.000000000000000000e+00
-3.138081999999999994e+01	2.730520999999999887e+01	-2.955518000000000001e+01	1.000000000000000000e+00
-1.469618999999999964e+01	-4.558635000000000304e+01	-1.489869999999999983e+01	1.000000000000000000e+00
-1.570840999999999932e+00	-1.131273999999999891e+00	-5.039623000000000275e+01	1.000000000000000000e+00
2.383922000000000097e+01	1.603682999999999836e+01	4.023738000000000170e+01	1.000000000000000000e+00
1.023427000000000042e+01	-1.183003000000000027e+00	-4.835213999999999857e+01	1.000000000000000000e+00
1.772994999999999877e+01	-3.948349999999999937e+01	-2.510023999999999944e+01	1.000000000000000000e+00
-2.328069999999999951e+01	-2.960620000000000118e+01	-3.171901000000000082e+01	1.000000000000000000e+00
-2.285634999999999906e+01	-4.316857999999999862e+01	9.428435999999999595e+00	1.000000000000000000e+00
1.938617999999999952e+01	4.013338000000000250e+01	-2.403969999999999985e+01	1.000000000000000000e+00
8.098990999999999829e+00	-8.908210000000000406e+00	-4.900686999999999927e+01	1.000000000000000000e+00
3.280908000000000158e+01	-3.405259999999999820e+01	1.572066000000000052e+01	1.000000000000000000e+00
-6.456641000000000297e+00	1.122957999999999901e+00	-5.014607000000000170e+01	1.000000000000000000e+00
1.061214999999999975e+01	9.583214999999999151e+00	-4.809696999999999889e+01	1.000000000000000000e+00
2.889481999999999928e+01	3.519984000000000179e+01	2.001793999999999940e+01	1.000000000000000000e+00
6.838638999999999690e+00	2.594892999999999894e+00	4.891467000000000098e+01	1.000000000000000000e+00
1.624362999999999957e+01	1.301360999999999990e+01	-4.443923000000000201e+01	1.000000000000000000e+00
3.333503999999999934e+01	8.206512000000000029e+00	-3.521808999999999656e+01	1.000000000000000000e+00
1.509552000000000049e+01	4.148158000000000101e+01	2.488160999999999845e+01	1.000000000000000000e+00
1.669818000000000069e+01	-4.423848999999999876e+01	1.747794999999999987e+01	1.000000000000000000e+00
-3.559351000000000043e-01	-1.865035999999999916e+00	5.010813000000000272e+01	1.000000000000000000e+00
-3.898960999999999899e+01	-9.487278999999999129e+00	-2.806464000000000070e+01	1.000000000000000000e+00
-4.320009000000000299e+01	-2.429032000000000124e+01	-1.564956999999999931e+00	1.000000000000000000e+00
-3.052186999999999983e+01	2.042486999999999853e+01	3.302506000000000341e+01	1.000000000000000000e+00
2.348271000000000086e+01	-3.472634999999999650e+01	2.837988000000000000e+01	1.000000000000000000e+00
1.252884000000000064e+01	2.836918999999999969e+01	-4.008084999999999809e+01	1.000000000000000000e+00
7.496297000000000210e+00	2.739054000000000144e+01	-4.132372000000000156e+01	1.000000000000000000e+00
-1.135721000000000025e+01	-3.235618999999999801e+01	-3.736999000000000137e+01	1.000000000000000000e+00
-8.301092999999999833e+00	8.048719999999999430e+00	4.799522000000000332e+01	1.000000000000000000e+00
-3.283113999999999777e+01	-3.461643999999999721e+01	1.594802999999999926e+01	1.000000000000000000e+00
3.409920999999999935e+01	-3.094227000000000061e+01	-1.888459999999999894e+01	1.000000000000000000e+00
2.162078999999999951e+01	-5.983094000000000356e+00	4.465717000000000070e+01	1.000000000000000000e+00
3.491038000000000086e+00	-5.590563000000000393e+00	-4.957292999999999950e+01	1.000000000000000000e+00
-3.916633999999999816e+01	-3.002452999999999861e+01	-9.613929999999999865e+00	1.000000000000000000e+00
-4.847684000000000282e+01	-9.443743999999999472e-01	-8.961935999999999680e+00	1.000000000000000000e+00
1.824831000000000003e+01	-3.117883000000000138e+01	-3.383825999999999823e+01	1.000000000000000000e+00
2.080811999999999884e+01	-2.743795000000000073e+01	3.595826000000000278e+01	1.000000000000000000e+00
-4.867135999999999996e+01	-1.072899999999999920e+01	3.423902000000000001e+00	1.000000000000000000e+00
6.568268999999999913e+00	4.486672000000000082e+01	2.162113000000000085e+01	1.000000000000000000e+00
-6.752613000000000198e+00	4.428354999999999819e+00	4.964735999999999905e+01	1.000000000000000000e+00
-4.487937000000000154e+01	1.024572000000000038e+01	1.868547999999999831e+01	1.000000000000000000e+00
-3.509465000000000146e+01	-1.677224000000000004e+01	3.260056999999999761e+01	1.000000000000000000e+00
-2.477118000000000109e+01	-4.213846000000000203e+01	-1.220059000000000005e+01	1.000000000000000000e+00
2.918215000000000003e+01	3.527971000000000146e+01	2.001370000000000005e+01	1.000000000000000000e+00
9.745382000000000211e-01	-1.076707000000000081e+00	4.932918000000000092e+01	1.000000000000000000e+00
-4.165540000000000020e+01	-1.653108999999999895e+01	2.205313999999999908e+01	1.000000000000000000e+00
2.475163999999999831e+01	4.364612999999999943e+01	3.542095999999999911e+00	1.000000000000000000e+00
-4.688356999999999886e+01	1.748582999999999998e+01	-2.534841999999999818e+00	1.000000000000000000e+00
1.339536000000000016e+01	1.085655000000000037e+01	4.604229999999999734e+01	1.000000000000000000e+00
1.116815000000000069e+01	-2.346824999999999939e+00	-4.895841999999999672e+01	1.000000000000000000e+00
2.026882000000000161e+01	-3.353817999999999699e+01	3.065490000000000137e+01	1.000000000000000000e+00
2.355001999999999995e+01	-3.955633999999999872e+00	-4.427266999999999797e+01	1.000000000000000000e+00
-1.929656999999999911e+01	-4.671972000000000236e+01	-7.685870000000000424e+00	1.000000000000000000e+00
3.546157000000000181e+01	-2.290718000000000032e+01	-2.587966000000000122e+01	1.000000000000000000e+00
-4.648111000000000104e+01	1.337204999999999977e+01	-1.428129000000000026e+01	1.000000000000000000e+00
-2.849778999999999840e+01	2.264154999999999873e+01	3.417736000000000018e+01	1.000000000000000000e+00
2.469414000000000087e+01	-3.803717000000000326e+01	-2.243411000000000044e+01	1.000000000000000000e+00
-2.470608999999999966e+01	-1.640013000000000076e+01	-4.174278000000000333e+01	1.000000000000000000e+00
2.002142999999999873e+01	-4.044525000000000148e+00	-4.481512000000000029e+01	1.000000000000000000e+00
-2.168572000000000166e+00	4.894227000000000061e+01	6.657756000000000007e+00	1.000000000000000000e+00
-3.192266000000000048e+01	5.884280000000000399e+00	-3.710367999999999711e+01	1.000000000000000000e+00
1.504082000000000008e+01	-3.053568999999999889e+01	-3.532827999999999946e+01	1.000000000000000000e+00
-5.382507000000000374e+00	2.117309000000000108e+00	4.983156999999999925e+01	1.000000000000000000e+00
1.926803999999999917e+01	-4.546831000000000245e+01	-3.429012999999999867e+00	1.000000000000000000e+00
3.095699000000000112e+01	3.495664000000000016e+01	-1.628407999999999944e+01	1.000000000000000000e+00
-1.655414999999999992e+01	-1.794030000000000058e+01	4.340404000000000195e+01	1.000000000000000000e+00
-1.759723999999999933e+01	4.095142000000000060e+00	4.598447999999999780e+01	1.000000000000000000e+00
3.635110999999999848e+01	-3.458333999999999975e+01	-9.570699999999999763e-01	1.000000000000000000e+00
4.004039999999999822e+01	-2.259246999999999872e+01	-2.129191000000000145e+01	1.000000000000000000e+00
-9.102508999999999517e+00	-2.622651999999999983e+00	-4.889323000000000263e+01	1.000000000000000000e+00
-2.614375000000000071e+01	3.142784999999999940e+01	-2.750998999999999839e+01	1.000000000000000000e+00
-2.173819999999999908e+01	3.306833999999999918e+01	3.137959999999999994e+01	1.000000000000000000e+00
3.198738000000000170e+01	-3.617370999999999981e+01	1.184346999999999994e+01	1.000000000000000000e+00
1.859284999999999854e+01	-4.336289000000000016e+01	-1.583322000000000074e+01	1.000000000000000000e+00
-3.811618999999999868e+00	5.949773000000000422e+00	4.923385999999999996e+01	1.000000000000000000e+00
4.976360999999999990e+01	4.336323000000000261e-02	3.636998000000000175e+00	1.000000000000000000e+00
2.683766999999999925e+01	-6.235159000000000340e+00	-4.208912999999999727e+01	1.000000000000000000e+00
-3.206752999999999965e+00	-4.077514000000000038e+01	2.855627000000000137e+01	1.000000000000000000e+00
-4.450086999999999904e+01	1.440293999999999963e+00	-2.284606000000000137e+01	1.000000000000000000e+00
1.559360999999999997e+01	-2.410408999999999935e+01	-4.179010999999999854e+01	1.000000000000000000e+00
-2.590782000000000096e+01	9.968161000000000271e+00	-4.197254999999999825e+01	1.000000000000000000e+00
9.414464000000000610e+00	-4.731674999999999898e+01	-8.793803000000000480e+00	1.000000000000000000e+00
-4.487765000000000271e+01	-1.592584000000000088e+01	1.269683999999999990e+01	1.000000000000000000e+00
1.420205999999999946e+01	-4.484281000000000006e+01	1.731597999999999971e+01	1.000000000000000000e+00
-2.217526000000000153e+01	4.226628000000000185e+01	1.451479999999999926e+01	1.000000000000000000e+00
-1.988210000000000122e+01	-3.287742999999999682e+01	3.240930999999999784e+01	1.000000000000000000e+00
-7.091579000000000299e+00	3.744145000000000323e+01	3.220221999999999696e+01	1.000000000000000000e+00
2.364599999999999813e+00	7.391676999999999609e+00	4.866938999999999993e+01	1.000000000000000000e+00
3.844342000000000326e+01	2.212333999999999889e+01	2.531603000000000137e+01	1.000000000000000000e+00
2.365793000000000035e+00	8.129661999999999722e-01	-5.019239999999999924e+01	1.000000000000000000e+00
2.931800000000000139e+01	-2.917176999999999865e+01	-2.800310999999999950e+01	1.000000000000000000e+00
4.160220999999999947e+01	3.430296999999999930e+00	2.788025999999999982e+01	1.000000000000000000e+00
1.427008999999999972e+01	7.708516000000000368e+00	-4.786102999999999952e+01	1.000000000000000000e+00
1.778473999999999933e+01	4.687565000000000026e+01	1.343949000000000060e+00	1.000000000000000000e+00
-3.060782000000000025e+01	1.916917000000000115e+01	-3.475742000000000331e+01	1.000000000000000000e+00
-3.513651000000000124e+01	-3.440075999999999823e+01	1.250066999999999950e+01	1.000000000000000000e+00
3.815176000000000300e+01	1.304699999999999971e+00	-3.047794999999999987e+01	1.000000000000000000e+00
3.968216999999999928e+01	2.087902000000000058e+01	2.240266000000000091e+01	1.000000000000000000e+00
3.349054999999999893e+01	-1.376336000000000048e+01	-3.423561999999999728e+01	1.000000000000000000e+00
-4.607050999999999874e+01	1.435748000000000069e+01	1.163906000000000063e+01	1.000000000000000000e+00
2.013948999999999856e+01	-1.385247000000000028e+01	-4.429513000000000034e+01	1.000000000000000000e+00
-1.416663999999999923e+01	3.764099999999999824e+01	2.996452999999999989e+01	1.000000000000000000e+00
5.311071000000000097e+00	1.981352000000000002e+00	4.942998000000000047e+01	1.000000000000000000e+00
-2.791478000000000037e+01	3.326468000000000202e+00	4.003161999999999665e+01	1.000000000000000000e+00
-4.879478999999999900e+01	-7.853356999999999921e+00	7.005213999999999608e+00	1.000000000000000000e+00
6.928664999999999630e+00	3.810238999999999976e+01	-3.310925999999999902e+01	1.000000000000000000e+00
-3.392356999999999800e+01	-2.450820999999999827e+01	-2.733944999999999936e+01	1.000000000000000000e+00
-4.646927999999999770e+01	-2.022653000000000034e+01	-1.500040000000000040e+00	1.000000000000000000e+00
-2.574115000000000109e+01	3.376820000000000022e+01	-2.611376999999999882e+01	1.000000000000000000e+00
-1.162565000000000026e+01	-2.111611999999999867e+01	4.455823000000000178e+01	1.000000000000000000e+00
4.617045999999999850e+01	1.295738000000000056e+01	1.359057999999999922e+01	1.000000000000000000e+00
-2.706897999999999982e+01	3.963656999999999897e+01	-1.686759999999999948e+01	1.000000000000000000e+00
8.794247999999999621e+00	3.027069000000000010e+00	4.947440999999999889e+01	1.000000000000000000e+00
-4.247651000000000288e+00	8.789343000000000572e+00	-4.905669999999999931e+01	1.000000000000000000e+00
-8.666983000000000326e-01	-2.831704999999999828e+01	-4.155358999999999980e+01	1.000000000000000000e+00
-1.067849000000000004e+01	1.245700000000000074e+01	-4.694552000000000191e+01	1.000000000000000000e+00
4.150206000000000017e+01	-2.870270000000000010e+01	-4.970165999999999862e+00	1.000000000000000000e+00
-6.271646999999999750e+00	-2.536590999999999951e+01	-4.341452999999999918e+01	1.000000000000000000e+00
2.529206999999999894e+01	-2.803253000000000128e+01	-3.276368000000000080e+01	1.000000000000000000e+00
-2.124144000000000077e+01	-3.016006000000000142e+01	-3.422664000000000328e+01	1.000000000000000000e+00
1.036365999999999943e+01	-9.062661000000000300e+00	4.869894000000000034e+01	1.000000000000000000e+00
3.628287999999999869e+01	3.508028000000000191e+01	-4.018332000000000015e+00	1.000000000000000000e+00
-2.814773999999999887e+01	-3.301024999999999920e+01	2.713286000000000087e+01	1.000000000000000000e+00
-6.204708000000000112e+00	-4.217844999999999622e+00	4.981495000000000317e+01	1.000000000000000000e+00
-5.061931000000000402e+00	-4.569232000000000227e+01	-1.842893000000000114e+01	1.000000000000000000e+00
1.627680000000000149e+01	-2.103138999999999825e+01	4.171321999999999974e+01	1.000000000000000000e+00
2.083890999999999938e+00	5.838801000000000130e+00	5.016167000000000087e+01	1.000000000000000000e+00
1.829272999999999882e+01	-4.356230000000000047e+01	1.723676000000000030e+01	1.000000000000000000e+00
4.772465000000000401e+00	-6.594583000000000084e+00	-4.875218000000000274e+01	1.000000000000000000e+00
3.675565000000000193e+00	-3.259255999999999887e+01	-3.873640999999999934e+01	1.000000000000000000e+00
-2.768477999999999994e+01	3.471555000000000035e+01	-2.440824999999999889e+01	1.000000000000000000e+00
-2.371020000000000039e+01	8.074168000000000234e+00	4.235585999999999984e+01	1.000000000000000000e+00
-2.865840999999999994e+01	-1.543323999999999963e+01	-3.715576999999999686e+01	1.000000000000000000e+00
-1.410337999999999958e+01	-5.827681000000000111e+00	-4.874629000000000190e+01	1.000000000000000000e+00
-1.673708999999999891e+00	1.211731999999999942e+01	-4.782571000000000083e+01	1.000000000000000000e+00
1.022830000000000084e+01	4.329044999999999987e+01	-2.134840000000000160e+01	1.000000000000000000e+00
-3.916615000000000180e+00	-1.481448000000000098e+00	-5.059212000000000131e+01	1.000000000000000000e+00
-3.659339999999999815e+00	-5.046101000000000170e+01	1.383156999999999970e+00	1.000000000000000000e+00
-1.541431000000000040e+01	-1.420951999999999948e+01	4.530973000000000184e+01	1.000000000000000000e+00
2.312735999999999947e+01	1.488019000000000069e+01	4.209711000000000070e+01	1.000000000000000000e+00
2.219725000000000037e+01	2.839518999999999949e+01	3.492551000000000272e+01	1.000000000000000000e+00
-4.362921000000000049e+01	-8.788145999999999347e+00	2.091678999999999888e+01	1.000000000000000000e+00
-6.123116999999999699e+00	-1.098347000000000051e+01	4.753667999999999694e+01	1.000000000000000000e+00
1.507826000000000022e+01	4.503737999999999886e+01	-1.653672999999999860e+01	1.000000000000000000e+00
-3.532298999999999722e+01	-1.963147000000000020e+01	3.021394000000000091e+01	1.000000000000000000e+00
-2.818721999999999994e+01	3.692128999999999905e+01	-1.721705000000000041e+01	1.000000000000000000e+00
-1.191391999999999918e+01	-1.766226999999999947e+01	-4.526735999999999649e+01	1.000000000000000000e+00
-2.640349000000000146e+01	4.155071000000000225e+01	8.600806000000000395e+00	1.000000000000000000e+00
3.085128999999999877e+01	-3.649354000000000209e+00	3.853956000000000159e+01	1.000000000000000000e+00
-3.855604999999999905e+01	-3.145173999999999914e+00	3.059206999999999965e+01	1.000000000000000000e+00
1.118891000000000080e+00	-2.631831999999999994e+01	-4.169630999999999688e+01	1.000000000000000000e+00
-3.291517000000000337e+01	-2.191888000000000147e+01	-3.206322999999999723e+01	1.000000000000000000e+00
7.997206999999999510e-01	-1.614538999999999946e+00	4.920647999999999911e+01	1.000000000000000000e+00
2.548723999999999990e+00	5.762375999999999721e+00	5.024813999999999936e+01	1.000000000000000000e+00
-1.766829999999999856e+01	-1.111593000000000053e+01	-4.623830000000000240e+01	1.000000000000000000e+00
2.321439000000000163e+01	4.272787000000000113e+00	-4.492996000000000123e+01	1.000000000000000000e+00
4.324806000000000239e+01	1.823997999999999919e+01	-1.774840999999999980e+01	1.000000000000000000e+00
-1.889170999999999978e+01	4.005895999999999901e+00	-4.573183000000000220e+01	1.000000000000000000e+00
6.317841999999999736e+00	-5.627168000000000170e+00	-5.004881999999999920e+01	1.000000000000000000e+00
-2.028989999999999849e+00	1.237679999999999936e+01	-4.726368000000000080e+01	1.000000000000000000e+00
4.811246999999999829e+00	-2.576305000000000067e+00	4.932997000000000298e+01	1.000000000000000000e+00
-2.283097000000000065e+01	-5.172263000000000055e+00	-4.496045000000000158e+01	1.000000000000000000e+00
-1.096186999999999934e+01	4.444550000000000267e+01	2.004964999999999975e+01	1.000000000000000000e+00
-4.077550999999999704e+01	-3.840933999999999848e+00	2.809662000000000148e+01	1.000000000000000000e+00
-2.422117000000000075e+00	-4.205238000000000032e-01	-4.994691000000000258e+01	1.000000000000000000e+00
-4.763023999999999702e+00	-2.428322000000000003e+01	4.334423000000000314e+01	1.000000000000000000e+00
-1.692692000000000085e+00	-2.240034999999999954e+01	4.405212999999999823e+01	1.000000000000000000e+00
-4.013387999999999778e+01	-2.388943000000000083e+01	1.424961000000000055e+01	1.000000000000000000e+00
-4.220174999999999699e+01	-1.422269000000000005e+01	2.199311000000000149e+01	1.000000000000000000e+00
-4.902459000000000344e+01	-3.948233000000000104e+00	4.017967999999999762e+00	1.000000000000000000e+00
1.223806000000000083e+01	-9.352940999999999505e+00	4.667155999999999949e+01	1.000000000000000000e+00
2.934727000000000174e+01	-2.915915000000000035e+00	-4.125043999999999755e+01	1.000000000000000000e+00
1.049566000000000088e+01	-4.020741000000000298e+01	2.820718000000000103e+01	1.000000000000000000e+00
-1.676560999999999968e+00	-1.926315999999999917e+00	-5.043314000000000163e+01	1.000000000000000000e+00
-4.447905999999999693e+01	1.908395000000000152e+01	1.620008999999999943e+01	1.000000000000000000e+00
4.265319000000000216e+01	2.304041000000000139e+01	1.527073999999999998e+01	1.000000000000000000e+00
-1.596401999999999965e+01	3.835168000000000177e+01	-2.747053999999999974e+01	1.000000000000000000e+00
-4.391615000000000180e+01	2.551323000000000008e+01	-5.422202000000000410e+00	1.000000000000000000e+00
1.350486000000000075e+01	-2.676754000000000033e+01	-3.962078000000000344e+01	1.000000000000000000e+00
-1.650981000000000165e+01	-3.414365000000000094e+01	3.308603000000000094e+01	1.000000000000000000e+00
3.023389999999999844e+01	2.853781000000000034e+01	2.849641000000000091e+01	1.000000000000000000e+00
7.178303999999999796e+00	-1.587829999999999941e+01	4.762733000000000061e+01	1.000000000000000000e+00
-1.443792000000000009e+01	-3.843511000000000166e+01	2.994253000000000142e+01	1.000000000000000000e+00
-2.724060000000000059e+01	-2.058386000000000138e+01	3.723561999999999728e+01	1.000000000000000000e+00
-3.756517999999999802e+01	2.463804000000000016e+01	-2.095345999999999975e+01	1.000000000000000000e+00
-1.183901000000000092e+00	1.250497999999999976e+01	4.926621999999999701e+01	1.000000000000000000e+00
4.678960000000000008e+01	-5.428575999999999624e+00	1.304612999999999978e+01	1.000000000000000000e+00
-1.321690000000000076e+01	-3.617789000000000144e+00	4.909214000000000055e+01	1.000000000000000000e+00
1.431300000000000061e+01	4.524936000000000291e+01	-1.942334999999999923e+01	1.000000000000000000e+00
-1.253725000000000023e+01	-6.122768999999999906e+00	-4.820183000000000106e+01	1.000000000000000000e+00
1.441419999999999924e+01	5.507587000000000010e+00	-4.808541000000000309e+01	1.000000000000000000e+00
2.472322000000000131e+01	-3.696658999999999651e+01	-2.356402999999999892e+01	1.000000000000000000e+00
1.193248999999999960e+01	1.063696999999999981e+01	4.717157999999999873e+01	1.000000000000000000e+00
4.347520999999999702e+01	3.129026999999999781e+00	2.445635000000000048e+01	1.000000000000000000e+00
-2.855507000000000062e+01	-3.859993999999999659e+01	-1.770492000000000132e+01	1.000000000000000000e+00
-1.761619999999999919e+01	3.916599999999999682e+01	-2.734131999999999962e+01	1.000000000000000000e+00
-1.466630999999999929e+01	4.750269000000000119e+01	7.730247999999999564e+00	1.000000000000000000e+00
7.349299000000000248e-01	2.286023000000000138e+01	4.528497000000000128e+01	1.000000000000000000e+00
5.590620999999999619e+00	-3.165642000000000067e+00	-4.904724000000000217e+01	1.000000000000000000e+00
1.801536000000000026e+00	-1.081481999999999921e+01	-4.927750000000000341e+01	1.000000000000000000e+00
3.910788000000000153e+01	-3.122523999999999944e+01	-9.286196999999999591e+00	1.000000000000000000e+00
1.643955000000000055e+01	-3.830057999999999652e+01	2.888626000000000005e+01	1.000000000000000000e+00
3.726142000000000110e+01	2.440813999999999950e+01	-2.132442999999999955e+01	1.000000000000000000e+00
-2.656257000000000090e+01	-9.801280999999999466e+00	4.174282000000000181e+01	1.000000000000000000e+00
-4.503966000000000136e+00	-1.384816000000000047e+00	-4.921838000000000335e+01	1.000000000000000000e+00
-2.785249999999999915e+01	-1.726727999999999952e+01	-3.713443999999999789e+01	1.000000000000000000e+00
-4.881838000000000122e+00	-8.021142999999999468e-01	5.004124000000000194e+01	1.000000000000000000e+00
-4.420991999999999678e+01	1.275118999999999936e+01	1.974026999999999887e+01	1.000000000000000000e+00
-3.651986000000000132e+01	1.876769000000000176e+01	2.856281999999999854e+01	1.000000000000000000e+00
-2.910923000000000016e+01	2.874427000000000021e+01	2.949906999999999968e+01	1.000000000000000000e+00
7.703681999999999475e-01	1.337954000000000043e+01	-4.796614000000000289e+01	1.000000000000000000e+00
1.006615000000000038e+01	5.934257999999999811e+00	4.929639000000000237e+01	1.000000000000000000e+00
-2.050499999999999901e+01	-2.927766000000000091e+01	3.481063999999999936e+01	1.000000000000000000e+00
4.140492000000000061e+00	7.276366000000000334e+00	-4.953938999999999737e+01	1.000000000000000000e+00
-1.108648999999999951e+01	1.098254999999999981e+01	-4.864085000000000036e+01	1.000000000000000000e+00
1.427563999999999922e+01	3.085341000000000022e+01	3.731859000000000037e+01	1.000000000000000000e+00
9.463120999999999228e+00	3.841169000000000011e+01	3.069382999999999839e+01	1.000000000000000000e+00
-2.124121999999999844e+01	-4.114746999999999844e+01	-1.888701999999999970e+01	1.000000000000000000e+00
4.854252000000000322e+01	8.970720000000000027e+00	2.144794000000000089e+00	1.000000000000000000e+00
-2.595554999999999879e+01	7.511404999999999887e+00	4.059190999999999860e+01	1.000000000000000000e+00
-5.926018000000000008e+00	-8.151059000000000054e+00	4.851879999999999882e+01	1.000000000000000000e+00
4.322695000000000221e+01	1.774809000000000125e+01	-1.963618999999999915e+01	1.000000000000000000e+00
2.250138000000000105e+01	-3.243330000000000268e+01	-3.144644999999999868e+01	1.000000000000000000e+00
-1.676614999999999966e+00	-1.941667999999999950e+01	4.521549999999999869e+01	1.000000000000000000e+00
-1.184379000000000026e+01	-3.100887999999999867e+00	-4.873440000000000083e+01	1.000000000000000000e+00
1.012313999999999936e+01	-3.597861000000000331e+01	3.317211999999999961e+01	1.000000000000000000e+00
-5.881820000000000270e+00	-2.488278000000000212e+00	4.938799999999999812e+01	1.000000000000000000e+00
4.442040999999999684e+00	1.396049999999999969e+01	-4.828190000000000026e+01	1.000000000000000000e+00
-4.706148000000000309e+01	-1.212710000000000043e+01	1.446822000000000052e+01	1.000000000000000000e+00
6.110267000000000337e+00	4.882202000000000197e+01	-2.239584999999999937e+00	1.000000000000000000e+00
4.088595999999999719e+01	2.104953000000000074e+01	2.069692999999999827e+01	1.000000000000000000e+00
1.490146000000000015e+01	4.777286999999999750e+01	7.962386999999999659e+00	1.000000000000000000e+00
4.804972000000000065e+01	1.727542000000000044e+01	-1.823310999999999904e+00	1.000000000000000000e+00
-2.202922999999999831e+01	-4.469980999999999938e+01	-5.498067999999999955e+00	1.000000000000000000e+00
-3.888168999999999897e+01	-2.700149000000000044e+01	1.516309000000000040e+01	1.000000000000000000e+00
-3.748658999999999963e+01	3.350115000000000265e+01	-7.571598999999999968e+00	1.000000000000000000e+00
-1.429629000000000083e+01	-1.451094999999999935e+01	-4.620447000000000060e+01	1.000000000000000000e+00
4.332907000000000153e+01	1.310979000000000028e+01	-2.056148999999999916e+01	1.000000000000000000e+00
-3.287597999999999843e+01	-1.118050999999999995e+01	3.663613999999999749e+01	1.000000000000000000e+00
4.557623000000000246e+01	1.069726999999999961e+01	-1.631073999999999913e+01	1.000000000000000000e+00
-2.799436000000000035e+01	1.255625000000000036e+01	4.024352999999999980e+01	1.000000000000000000e+00
1.524113000000000007e+01	1.400650000000000084e+01	4.605210000000000292e+01	1.000000000000000000e+00
4.390917000000000314e+01	1.319352999999999998e+00	2.299315999999999960e+01	1.000000000000000000e+00
4.011679000000000173e+01	-2.644238999999999962e+01	-1.469514000000000031e+01	1.000000000000000000e+00
3.523984000000000094e+01	2.785887999999999920e+00	-3.564860999999999791e+01	1.000000000000000000e+00
9.095878000000000796e+00	-4.390265999999999735e+01	-2.368046999999999969e+01	1.000000000000000000e+00
2.385557000000000016e+01	-1.464062000000000019e+01	-4.178517000000000081e+01	1.000000000000000000e+00
1.640414000000000172e+01	-3.768287999999999727e+01	2.768874999999999886e+01	1.000000000000000000e+00
2.597567000000000093e+01	3.185127999999999915e+01	2.767197000000000173e+01	1.000000000000000000e+00
3.486007999999999996e+00	3.542002000000000095e+01	-3.670013000000000147e+01	1.000000000000000000e+00
1.533379000000000048e+01	4.617611999999999739e+01	1.436294000000000004e+01	1.000000000000000000e+00
-1.078011000000000053e+01	-7.045256000000000185e+00	4.925292000000000314e+01	1.000000000000000000e+00
8.018622000000000583e+00	-1.023862999999999968e+00	-4.954881999999999920e+01	1.000000000000000000e+00
6.857507999999999937e-01	8.822029999999999594e-01	-8.854096000000000188e-01	2.000000000000000000e+00
2.119109999999999883e-01	2.566241000000000216e+00	4.355552999999999564e+00	2.000000000000000000e+00
2.439456999999999987e+00	2.259742999999999835e+00	3.084992000000000179e+00	2.000000000000000000e+00
5.971987999999999630e+00	1.003703999999999930e+00	2.859852000000000061e+00	2.000000000000000000e+00
-2.646234000000000197e+00	-2.439604000000000106e+00	4.711720999999999826e+00	2.000000000000000000e+00
-1.080572000000000088e+00	1.800437999999999983e+00	-3.650148000000000170e+00	2.000000000000000000e+00
-1.465547000000000100e-01	1.119259999999999922e+00	6.701576999999999673e-01	2.000000000000000000e+00
1.994453999999999949e+00	1.209060000000000024e+00	1.886641999999999930e+00	2.000000000000000000e+00
-3.052134999999999820e+00	5.578630000000000422e+00	3.890947999999999851e+00	2.000000000000000000e+00
1.801007000000000025e+00	4.444109000000000254e-02	1.405029000000000083e+00	2.000000000000000000e+00
2.314274000000000164e+00	-1.492038999999999893e+00	4.027197000000000138e-01	2.000000000000000000e+00
-5.953393999999999631e-01	-1.798262999999999945e+00	3.080694999999999961e+00	2.000000000000000000e+00
2.154614000000000029e+00	-3.375757999999999814e+00	1.969940999999999942e+00	2.000000000000000000e+00
3.472001999999999811e+00	-6.171456000000000053e+00	4.908502000000000365e+00	2.000000000000000000e+00
7.372167000000000137e+00	-1.635844000000000076e+00	-1.170528000000000013e+00	2.000000000000000000e+00
3.706294999999999895e+00	-2.422915000000000152e+00	2.789299000000000195e+00	2.000000000000000000e+00
-3.938390000000000057e+00	2.432051000000000074e-01	2.127693999999999974e+00	2.000000000000000000e+00
-4.051333999999999769e+00	-9.938700000000000312e-01	-4.394742999999999844e-01	2.000000000000000000e+00
-8.531085999999999947e-01	1.039651000000000103e+00	2.009813999999999989e+00	2.000000000000000000e+00
-2.838916000000000217e+00	-4.764275999999999733e+00	-6.343368000000000340e-01	2.000000000000000000e+00
4.749569000000000152e-01	-1.280334000000000083e+00	2.969756999999999980e+00	2.000000000000000000e+00
-1.474658000000000024e+00	3.568799999999999972e+00	-1.376201000000000008e+00	2.000000000000000000e+00
1.969727999999999923e+00	3.915430999999999884e+00	7.574452999999999880e-01	2.000000000000000000e+00
-9.392709999999999670e-01	8.140218000000000176e-01	-4.359774999999999956e+00	2.000000000000000000e+00
7.361266999999999783e+00	-1.438231999999999955e+00	4.968328000000000189e-01	2.000000000000000000e+00
2.010778999999999872e+00	-1.535420000000000007e+00	-6.623067999999999733e-01	2.000000000000000000e+00
2.196354000000000084e-01	7.214851000000000347e+00	4.874499999999999944e-01	2.000000000000000000e+00
3.656419000000000197e-01	5.426153000000000226e+00	-1.886600000000000055e+00	2.000000000000000000e+00
-2.273953000000000113e+00	-4.099031000000000202e-01	-4.951910999999999952e+00	2.000000000000000000e+00
-2.389803999999999817e+00	-4.922831000000000401e+00	1.633307000000000064e+00	2.000000000000000000e+00
5.022775000000000212e+00	-1.923718000000000039e+00	-2.293836000000000208e+00	2.000000000000000000e+00
6.548579000000000150e+00	5.189726000000000283e+00	2.173687999999999843e+00	2.000000000000000000e+00
-1.363253000000000048e+00	1.107518999999999920e+00	-1.807876000000000039e+00	2.000000000000000000e+00
-4.743644999999999889e+00	6.285965999999999498e-01	-4.060350999999999821e+00	2.000000000000000000e+00
-1.009204999999999908e+00	8.447483000000000075e-01	-4.389114000000000182e+00	2.000000000000000000e+00
1.646090000000000053e+00	2.341042999999999985e+00	5.935584000000000415e+00	2.000000000000000000e+00
-1.919980000000000020e+00	-9.656597000000000097e-01	-2.265899000000000107e+00	2.000000000000000000e+00
3.395605999999999902e+00	3.341457999999999928e-01	-3.703463999999999867e+00	2.000000000000000000e+00
-3.118424000000000085e+00	-8.117026000000000518e-01	-2.579344999999999999e+00	2.000000000000000000e+00
2.699059000000000097e+00	1.217835999999999919e+00	3.775685000000000180e+00	2.000000000000000000e+00
2.336221999999999799e+00	4.177088000000000356e+00	2.855681000000000136e+00	2.000000000000000000e+00
-1.838000999999999996e+00	-2.447912000000000088e+00	3.127454999999999874e+00	2.000000000000000000e+00
2.208435000000000148e+00	-2.749862999999999946e+00	-4.662626999999999744e-01	2.000000000000000000e+00
-2.247011000000000092e+00	-1.219581999999999944e+00	1.979178000000000104e+00	2.000000000000000000e+00
-3.249057000000000084e+00	1.615224999999999911e+00	-1.808626999999999985e+00	2.000000000000000000e+00
3.699543999999999944e+00	-2.479788999999999799e+00	-1.165335999999999927e+00	2.000000000000000000e+00
-2.781419999999999781e+00	2.796380999999999784e+00	-6.005492000000000052e-01	2.000000000000000000e+00
1.187184000000000017e+00	2.394057999999999797e+00	-3.659763999999999795e-01	2.000000000000000000e+00
2.643978000000000161e+00	-1.123777000000000026e+00	5.552749999999999631e+00	2.000000000000000000e+00
3.735514999999999919e+00	-5.618837000000000081e+00	1.988664999999999905e+00	2.000000000000000000e+00
-3.583686000000000149e+00	-2.521518999999999844e-01	-3.036506999999999845e+00	2.000000000000000000e+00
2.129532000000000203e+00	-4.943742000000000303e+00	3.978860000000000063e+00	2.000000000000000000e+00
-2.315980999999999845e+00	-7.033198000000000505e-01	-1.306294999999999984e+00	2.000000000000000000e+00
-2.686534999999999895e-01	1.509547999999999890e+00	1.798599000000000059e+00	2.000000000000000000e+00
-1.068473000000000062e-01	-2.140608999999999984e+00	6.526674000000000087e-01	2.000000000000000000e+00
2.333638000000000101e+00	2.643679000000000112e+00	2.122809999999999864e+00	2.000000000000000000e+00
2.219055000000000000e+00	1.809333000000000080e+00	-5.719382000000000410e+00	2.000000000000000000e+00
7.201210999999999585e-01	-1.480366999999999988e+00	3.346303999999999945e+00	2.000000000000000000e+00
1.640709999999999891e+00	4.981279999999999930e+00	-3.555100999999999956e-01	2.000000000000000000e+00
-3.731597999999999971e+00	-2.800017000000000200e-01	-3.759777000000000147e+00	2.000000000000000000e+00
1.011044999999999972e+00	9.160681000000000518e-01	-1.268644000000000105e+00	2.000000000000000000e+00
-1.954353999999999925e+00	1.419826999999999950e+00	-2.185897999999999897e+00	2.000000000000000000e+00
2.046087000000000045e-01	3.442642999999999898e+00	4.993591999999999587e+00	2.000000000000000000e+00
-8.378954999999999487e+00	-2.165525999999999840e+00	-4.408032000000000394e+00	2.000000000000000000e+00
-7.973953000000000291e-01	-2.390582999999999902e+00	-4.636713000000000306e+00	2.000000000000000000e+00
5.478361999999999732e+00	1.766405000000000058e-01	-3.420528000000000013e+00	2.000000000000000000e+00
5.565598000000000489e-01	2.612871000000000166e+00	4.986837000000000075e-01	2.000000000000000000e+00
-8.348678999999999961e-01	-2.317562999999999818e+00	-9.477330000000000476e-01	2.000000000000000000e+00
2.320126000000000133e-01	1.858846999999999916e+00	-1.703241000000000005e+00	2.000000000000000000e+00
-1.565779000000000032e+00	2.008856000000000197e+00	-2.741293999999999897e+00	2.000000000000000000e+00
1.089849999999999985e+00	1.484981000000000106e+00	-2.123359999999999914e+00	2.000000000000000000e+00
9.376636999999999889e-01	-1.428466999999999931e+00	5.058845999999999954e+00	2.000000000000000000e+00
5.681549000000000404e+00	3.124042000000000208e+00	6.992234999999999978e+00	2.000000000000000000e+00
-1.441338000000000008e+00	-1.767457000000000056e-01	-1.848403000000000018e+00	2.000000000000000000e+00
1.792972000000000010e+00	5.297979999999999912e+00	8.204090000000000549e-01	2.000000000000000000e+00
-1.916409999999999947e+00	-2.142672000000000132e+00	2.845976000000000061e-01	2.000000000000000000e+00
5.039803000000000477e-01	-3.089233000000000118e+00	-5.016180000000000083e-01	2.000000000000000000e+00
-4.613391000000000020e-01	2.884551000000000087e+00	3.511664000000000119e+00	2.000000000000000000e+00
-1.269223999999999908e+00	-8.448683000000000831e+00	-7.718695000000000306e+00	2.000000000000000000e+00
-8.178035999999999639e-01	-2.487775000000000125e-01	-1.335382000000000069e+00	2.000000000000000000e+00
-4.664956000000000103e+00	-5.306958999999999982e+00	1.427103000000000010e+00	2.000000000000000000e+00
9.845513999999999655e-01	2.496532999999999891e+00	1.895964999999999900e+00	2.000000000000000000e+00
-2.999286000000000119e+00	-3.242488999999999955e+00	-1.251400000000000068e+00	2.000000000000000000e+00
2.959274999999999878e+00	9.715285999999999644e-01	2.344441000000000219e+00	2.000000000000000000e+00
-4.944213000000000413e+00	-9.660185999999999495e-01	-9.989044000000000256e-01	2.000000000000000000e+00
-1.252367000000000008e+00	-3.982137999999999955e+00	8.584992000000000179e-01	2.000000000000000000e+00
-7.713221999999999579e-01	-2.160951999999999984e+00	1.872395000000000032e-01	2.000000000000000000e+00
3.049082999999999988e+00	3.757359999999999811e+00	5.195642999999999567e+00	2.000000000000000000e+00
-8.909048000000000300e+00	5.340830999999999662e+00	-4.324626000000000303e+00	2.000000000000000000e+00
-2.245051000000000130e+00	2.967620000000000147e+00	4.807449000000000083e+00	2.000000000000000000e+00
2.437466000000000133e+00	-5.246342000000000283e+00	4.554154999999999731e+00	2.000000000000000000e+00
3.570202000000000098e+00	-1.469213000000000102e+00	5.396938000000000013e-01	2.000000000000000000e+00
-5.331455000000000055e+00	8.447442000000000561e+00	1.338667000000000051e+00	2.000000000000000000e+00
-4.750814999999999899e-01	-3.713950000000000085e+00	4.108761000000000330e+00	2.000000000000000000e+00
1.883331000000000088e+00	-3.156271999999999966e+00	-2.763369999999999993e-01	2.000000000000000000e+00
-2.739164000000000154e+00	-2.167839999999999989e+00	4.028964000000000212e+00	2.000000000000000000e+00
-2.519814000000000220e+00	2.893383000000000038e+00	-4.491905999999999954e-01	2.000000000000000000e+00
-1.098556000000000088e+00	8.500788000000000233e-01	3.755041999999999991e+00	2.000000000000000000e+00
-3.814715000000000189e-01	-1.471878000000000020e+00	1.484235999999999889e-01	2.000000000000000000e+00
-1.508799999999999919e+00	-1.957367000000000079e+00	5.239963999999999622e+00	2.000000000000000000e+00
2.953837000000000268e-01	-2.565544000000000047e+00	-9.065145000000000008e-01	2.000000000000000000e+00
-1.455600999999999923e+00	-6.507711999999999719e+00	4.234516000000000169e+00	2.000000000000000000e+00
2.965809999999999835e+00	3.029428999999999927e+00	-8.210273000000000154e-01	2.000000000000000000e+00
8.941061999999999621e-01	5.047947000000000406e-01	5.316243000000000052e+00	2.000000000000000000e+00
-3.648410999999999849e+00	1.566410999999999998e+00	-2.752216999999999913e+00	2.000000000000000000e+00
3.746515000000000040e+00	-2.427881000000000067e-01	1.873370999999999897e+00	2.000000000000000000e+00
-2.732619000000000131e+00	-6.682261000000000450e-01	1.204701999999999940e+00	2.000000000000000000e+00
-2.979396000000000266e-01	-1.464379000000000097e+00	2.052027999999999963e+00	2.000000000000000000e+00
5.084833999999999854e+00	-2.734685999999999950e+00	-2.044500000000000206e+00	2.000000000000000000e+00
3.668543000000000109e+00	-4.129444000000000337e+00	4.510403000000000162e+00	2.000000000000000000e+00
-5.234294000000000224e+00	3.376536000000000204e+00	-6.287515000000000187e-01	2.000000000000000000e+00
3.107282000000000100e+00	3.157262999999999931e+00	6.564192000000000249e+00	2.000000000000000000e+00
1.263883000000000090e+00	-2.273073999999999817e+00	-4.730780000000000207e+00	2.000000000000000000e+00
2.006730000000000125e+00	-2.901645999999999948e+00	6.389323000000000086e-01	2.000000000000000000e+00
1.564926999999999957e+00	-4.635947999999999958e+00	1.472271000000000107e+00	2.000000000000000000e+00
-3.443766000000000105e+00	2.671810999999999936e+00	1.964836999999999945e+00	2.000000000000000000e+00
-2.077176000000000133e+00	-2.060344000000000064e-01	-2.148921000000000081e+00	2.000000000000000000e+00
-1.978188999999999920e-01	-5.254839999999999733e+00	6.407388000000000527e-01	2.000000000000000000e+00
1.598786999999999958e+00	-1.150762999999999980e+00	-3.813668999999999976e+00	2.000000000000000000e+00
4.937305000000000166e-01	4.184747999999999912e+00	4.076734000000000080e+00	2.000000000000000000e+00
3.559814999999999952e+00	2.683231000000000144e+00	2.792635000000000201e+00	2.000000000000000000e+00
-6.070062000000000513e-01	-5.267430000000000057e+00	5.880549999999999944e-01	2.000000000000000000e+00
-3.069798000000000027e+00	2.921480999999999995e+00	-5.057466999999999935e-01	2.000000000000000000e+00
2.220495999999999803e+00	-2.960297000000000178e+00	8.268571000000000115e-01	2.000000000000000000e+00
-5.838796999999999571e+00	-1.188735000000000097e+00	2.010013999999999967e+00	2.000000000000000000e+00
-6.767248000000000152e-01	6.614396000000000164e+00	1.235549000000000008e+00	2.000000000000000000e+00
-3.961535999999999946e-01	3.213443999999999967e+00	2.725466000000000277e-01	2.000000000000000000e+00
-1.108500000000000041e+00	6.563444000000000500e-01	6.065777999999999892e+00	2.000000000000000000e+00
-4.336126000000000147e+00	-3.231943999999999928e+00	2.012579000000000118e+00	2.000000000000000000e+00
1.178765000000000063e+00	-1.872880000000000100e+00	5.814973000000000170e+00	2.000000000000000000e+00
-1.941378999999999966e+00	3.331129999999999924e+00	-4.327778999999999598e+00	2.000000000000000000e+00
8.128068999999999919e-03	-2.517313000000000134e+00	1.125482000000000093e+00	2.000000000000000000e+00
-2.782534000000000063e+00	1.211171999999999915e+00	-2.595866000000000007e+00	2.000000000000000000e+00
-4.770281999999999911e+00	4.453331999999999624e+00	7.458127000000000506e-02	2.000000000000000000e+00
-1.336567999999999923e-01	6.202189000000000174e-01	-3.268199999999999994e-01	2.000000000000000000e+00
-1.622751999999999972e+00	-2.685083000000000109e+00	-5.697222000000000008e+00	2.000000000000000000e+00
-3.926940999999999904e-01	4.582314000000000220e+00	-4.972728000000000037e+00	2.000000000000000000e+00
2.893812000000000051e+00	-2.772848999999999897e+00	-5.581109999999999793e+00	2.000000000000000000e+00
3.761821999999999999e+00	8.375365999999999644e-01	-4.955896000000000079e+00	2.000000000000000000e+00
-2.369809000000000054e+00	-2.616509000000000196e+00	-7.701870999999999690e+00	2.000000000000000000e+00
-5.248943999999999832e+00	-3.318315000000000126e+00	-3.850369000000000153e+00	2.000000000000000000e+00
-2.023954999999999949e+00	7.932941000000000020e-01	-1.456167999999999907e+00	2.000000000000000000e+00
3.669014999999999915e+00	-5.903275999999999524e-01	4.991293999999999897e+00	2.000000000000000000e+00
2.142925999999999997e-01	1.114603999999999928e+00	-3.111099999999999977e-01	2.000000000000000000e+00
-1.982968000000000064e+00	-5.702449999999999797e+00	-1.894989999999999952e+00	2.000000000000000000e+00
-1.088959999999999928e+00	3.611339000000000077e+00	5.930659999999999599e+00	2.000000000000000000e+00
5.491743999999999737e+00	1.489262000000000086e+00	1.996050000000000102e+00	2.000000000000000000e+00
1.164466000000000001e+00	-2.593485999999999958e+00	-1.723507999999999984e-01	2.000000000000000000e+00
-1.889780000000000015e+00	-1.130378000000000105e+00	-8.064835999999999672e-01	2.000000000000000000e+00
2.958213000000000203e+00	4.932887000000000244e-01	7.846496000000000026e-02	2.000000000000000000e+00
-9.527742999999999629e-01	5.318724999999999703e-01	2.529606999999999939e+00	2.000000000000000000e+00
-2.405641999999999836e+00	-3.759511999999999965e+00	4.742506000000000221e-01	2.000000000000000000e+00
7.097337000000000229e-01	3.760049999999999781e-01	-4.582811999999999664e+00	2.000000000000000000e+00
1.251168999999999976e+00	-1.649526000000000048e-01	-6.668503000000000069e-01	2.000000000000000000e+00
2.691933999999999827e+00	-9.034801999999999556e-01	-2.830244000000000093e-01	2.000000000000000000e+00
4.414723999999999648e+00	-7.328438000000000452e-01	1.092508999999999952e+00	2.000000000000000000e+00
-7.025568999999999953e+00	2.261950999999999823e+00	-2.417860999999999816e+00	2.000000000000000000e+00
1.927051000000000069e+00	-2.068122999999999934e+00	1.137462999999999891e+00	2.000000000000000000e+00
-1.533714000000000022e+00	-9.314605000000000246e-01	-5.769305000000000128e-01	2.000000000000000000e+00
2.379856000000000193e+00	2.533360000000000056e+00	4.722708999999999935e-01	2.000000000000000000e+00
1.107529999999999903e+00	-6.067991000000000135e+00	-7.688388999999999918e-01	2.000000000000000000e+00
5.523096999999999923e+00	1.682911999999999964e+00	6.283407999999999660e+00	2.000000000000000000e+00
1.362397999999999998e+00	5.113904000000000227e-01	-3.999201999999999924e+00	2.000000000000000000e+00
-3.165903000000000134e+00	4.347523999999999833e-01	2.514120000000000132e+00	2.000000000000000000e+00
6.387508000000000408e+00	-5.439273000000000025e+00	2.975140999999999813e+00	2.000000000000000000e+00
-1.615399999999999947e+00	-4.144358999999999682e+00	1.790375000000000050e+00	2.000000000000000000e+00
2.982882000000000033e-01	3.111601999999999979e+00	2.430254000000000136e+00	2.000000000000000000e+00
-3.233664999999999790e+00	3.619110000000000049e+00	1.689588000000000090e+00	2.000000000000000000e+00
-7.221484999999999710e-01	7.000583000000000222e-01	4.187102999999999797e-01	2.000000000000000000e+00
-3.182310000000000194e+00	-2.673871000000000109e+00	2.962733000000000061e+00	2.000000000000000000e+00
4.880485999999999991e-01	-3.862340000000000106e+00	-4.926923999999999637e+00	2.000000000000000000e+00
8.858759999999999968e-01	-1.358370000000000077e+00	-2.320843999999999963e-01	2.000000000000000000e+00
4.419871999999999801e+00	4.162047000000000274e+00	4.270279999999999632e+00	2.000000000000000000e+00
9.427457999999999672e-01	3.325499999999999901e+00	7.980857000000000090e-01	2.000000000000000000e+00
1.900041000000000091e+00	2.055248999999999882e+00	-1.364738999999999924e+00	2.000000000000000000e+00
4.523788000000000253e-01	-1.555018999999999929e+00	-3.398595999999999950e+00	2.000000000000000000e+00
2.935811999999999866e+00	-3.739587999999999912e+00	-2.435970999999999886e+00	2.000000000000000000e+00
-4.997470999999999997e+00	1.609359999999999902e+00	5.343552999999999775e-01	2.000000000000000000e+00
1.782729999999999926e+00	-2.305765999999999927e-01	-4.504730000000000345e+00	2.000000000000000000e+00
2.675552999999999848e+00	-4.205683000000000060e-01	3.787977999999999845e+00	2.000000000000000000e+00
7.521031999999999718e-01	3.926919999999999966e+00	-2.773506999999999945e+00	2.000000000000000000e+00
-2.070227000000000039e+00	9.194031000000000287e-01	1.280685999999999991e+00	2.000000000000000000e+00
1.024250000000000105e+00	-1.369197999999999915e+00	4.671224999999999739e+00	2.000000000000000000e+00
-6.092107000000000383e+00	2.777137999999999884e+00	-2.133764000000000216e+00	2.000000000000000000e+00
3.000735999999999848e+00	-3.304323000000000121e+00	7.796638999999999653e-01	2.000000000000000000e+00
5.838261999999999619e-01	1.684129999999999905e+00	-2.425543999999999922e+00	2.000000000000000000e+00
5.679120000000000168e+00	-1.005358999999999975e-01	-1.784475000000000089e-01	2.000000000000000000e+00
-1.041584000000000065e+00	-2.543006000000000100e+00	3.109204000000000079e+00	2.000000000000000000e+00
4.323519000000000112e-01	-9.002613999999999894e-01	3.187454999999999927e+00	2.000000000000000000e+00
2.434593000000000007e+00	-1.362967999999999957e+00	2.652754999999999974e+00	2.000000000000000000e+00
1.559261999999999926e+00	2.826315999999999828e+00	-2.997320000000000206e+00	2.000000000000000000e+00
7.163708999999999882e+00	1.958183000000000007e+00	4.835092000000000390e+00	2.000000000000000000e+00
-1.019380000000000008e-01	3.176419999999999799e+00	2.543032999999999877e+00	2.000000000000000000e+00
-2.628153000000000183e+00	-2.535629999999999828e-01	4.995123999999999675e+00	2.000000000000000000e+00
-3.906382999999999939e-01	-4.021128999999999953e-01	2.899176000000000197e+00	2.000000000000000000e+00
3.883382999999999807e+00	2.395423000000000080e+00	-1.284233999999999931e-01	2.000000000000000000e+00
-1.072218999999999950e-01	-2.042609999999999815e+00	-5.659407000000000326e-02	2.000000000000000000e+00
-1.192542000000000046e-01	9.417714999999999836e-01	1.702334000000000014e+00	2.000000000000000000e+00
3.157757999999999843e+00	6.460397999999999641e+00	1.723977000000000093e+00	2.000000000000000000e+00
-1.069911999999999974e+00	-4.775348000000000148e+00	-5.309078999999999882e-01	2.000000000000000000e+00
9.268324000000000007e-01	-1.526029000000000080e+00	2.561711999999999989e+00	2.000000000000000000e+00
-5.233704000000000356e+00	1.543571999999999944e+00	1.690738999999999992e+00	2.000000000000000000e+00
1.346109000000000000e+00	-6.676130999999999593e-01	1.038502999999999954e+00	2.000000000000000000e+00
-4.786680999999999853e-01	9.935639000000000554e-01	5.359561000000000242e+00	2.000000000000000000e+00
-5.964509999999999756e+00	1.183259999999999978e+00	1.039250999999999925e+00	2.000000000000000000e+00
3.520877000000000034e+00	2.827411999999999814e+00	1.394627999999999979e+00	2.000000000000000000e+00
-3.073581000000000230e-01	-1.381674999999999986e+00	8.638124000000000358e-01	2.000000000000000000e+00
6.663724000000000203e+00	-4.448421999999999876e+00	-4.128963999999999968e-01	2.000000000000000000e+00
2.440754999999999786e+00	9.170852999999999922e-01	-3.450819000000000081e+00	2.000000000000000000e+00
-4.248995999999999884e-01	-3.142687000000000008e+00	1.902546000000000070e+00	2.000000000000000000e+00
3.574139999999999873e+00	1.412587000000000037e+00	-2.627692999999999834e+00	2.000000000000000000e+00
2.338076000000000043e+00	4.267431999999999892e-01	6.204285999999999968e-01	2.000000000000000000e+00
3.992547000000000068e+00	2.486950000000000216e+00	-5.598168000000000255e+00	2.000000000000000000e+00
-2.135378999999999916e+00	5.741221999999999603e+00	-1.835949000000000053e+00	2.000000000000000000e+00
4.561528000000000249e-01	-3.983706000000000191e+00	-1.965915000000000079e+00	2.000000000000000000e+00
-4.466123999999999789e-02	5.381961000000000439e+00	-3.093468999999999802e+00	2.000000000000000000e+00
-1.072438000000000002e+00	-4.053224999999999745e-01	4.806520000000000237e-01	2.000000000000000000e+00
-1.243867000000000056e+00	2.260037000000000018e-01	-2.649767000000000206e+00	2.000000000000000000e+00
-6.971899999999999764e+00	4.324253999999999820e+00	3.454194000000000209e+00	2.000000000000000000e+00
-1.045547999999999922e+00	-7.897104999999999819e-01	8.969956999999999514e-01	2.000000000000000000e+00
-4.256828999999999752e+00	-2.068192999999999948e+00	-9.482627000000000805e+00	2.000000000000000000e+00
2.331976000000000049e+00	4.673226999999999798e-01	6.728411999999999615e+00	2.000000000000000000e+00
-7.846589999999999954e+00	-3.365854999999999819e+00	4.087282000000000082e+00	2.000000000000000000e+00
7.247824999999999740e+00	-5.909715000000000273e+00	1.985458999999999974e-01	2.000000000000000000e+00
-2.862248000000000125e+00	-1.491997000000000018e+00	-5.196373000000000353e+00	2.000000000000000000e+00
-4.388341999999999743e+00	-7.993242999999999876e-01	-2.754379000000000133e+00	2.000000000000000000e+00
-1.772413999999999934e+00	6.946710999999999858e-01	2.124064000000000174e+00	2.000000000000000000e+00
5.285531999999999453e-01	-2.032989000000000157e+00	1.222820000000000018e+00	2.000000000000000000e+00
-5.245002999999999638e+00	7.892833999999999683e-01	1.581749000000000072e+00	2.000000000000000000e+00
4.011351999999999585e+00	-1.813787999999999956e+00	-4.592191999999999830e+00	2.000000000000000000e+00
4.892447999999999908e+00	1.673376999999999892e+00	4.018902999999999892e+00	2.000000000000000000e+00
-3.268758000000000052e+00	1.771743000000000068e+00	-2.803739000000000203e+00	2.000000000000000000e+00
-1.123780999999999919e+00	-1.262321999999999944e+00	-3.809483999999999870e+00	2.000000000000000000e+00
-2.486273999999999873e+00	7.246917000000000497e-01	-1.663948999999999900e+00	2.000000000000000000e+00
1.940858999999999890e+00	1.538408999999999915e+00	-4.857599000000000222e-01	2.000000000000000000e+00
-3.653413000000000022e+00	-1.548443000000000014e+00	4.179189000000000043e+00	2.000000000000000000e+00
-6.041535999999999795e+00	1.602619999999999933e+00	1.428916999999999993e+00	2.000000000000000000e+00
5.747879000000000183e+00	1.361523999999999957e+00	-1.805949000000000026e+00	2.000000000000000000e+00
-5.869536999999999671e-02	7.790818000000000465e-01	-7.710061999999999749e-01	2.000000000000000000e+00
2.588931999999999789e+00	-6.165570999999999913e+00	-8.774028999999999856e-01	2.000000000000000000e+00
-1.372603999999999935e+00	7.193939999999999557e+00	1.915906000000000109e+00	2.000000000000000000e+00
5.653621000000000230e+00	3.988551000000000180e+00	8.513711000000000473e-01	2.000000000000000000e+00
-2.839538999999999813e+00	5.249274999999999913e+00	2.103143000000000096e-01	2.000000000000000000e+00
-2.039446000000000037e-01	2.354880999999999780e+00	-4.474215000000000053e+00	2.000000000000000000e+00
8.025107999999999686e-01	-4.010433999999999943e-01	-2.571118999999999932e+00	2.000000000000000000e+00
-1.976680999999999910e+00	3.093199999999999950e+00	1.741864000000000079e+00	2.000000000000000000e+00
-1.680745999999999907e-01	3.427763999999999811e+00	1.397415999999999991e+00	2.000000000000000000e+00
5.311834000000000167e+00	-2.229388000000000147e+00	3.549358999999999931e+00	2.000000000000000000e+00
2.651291000000000064e+00	1.682682000000000011e+00	-8.112158999999999343e-02	2.000000000000000000e+00
6.933684999999999654e+00	-1.508769000000000027e+00	-2.521123999999999921e+00	2.000000000000000000e+00
3.978823000000000221e+00	2.386427999999999994e+00	-1.487217999999999929e+00	2.000000000000000000e+00
2.377308999999999894e+00	2.137458000000000080e+00	1.055531999999999915e+00	2.000000000000000000e+00
-2.128159000000000023e-01	2.122508999999999979e+00	-5.893862999999999880e-02	2.000000000000000000e+00
1.875356999999999941e+00	2.307338000000000111e+00	-5.183203999999999922e+00	2.000000000000000000e+00
-1.002939999999999943e+00	1.979052999999999951e+00	1.874058000000000002e+00	2.000000000000000000e+00
2.502218000000000053e+00	-3.992083000000000159e-01	1.815174000000000065e+00	2.000000000000000000e+00
4.493395999999999724e+00	1.024048999999999987e+00	-9.673013999999999779e-01	2.000000000000000000e+00
1.152320000000000011e-01	-8.651326999999999767e-01	5.024885000000000268e+00	2.000000000000000000e+00
9.802680999999999756e-01	1.890776000000000012e+00	1.681311000000000000e+00	2.000000000000000000e+00
1.080192000000000041e+00	-6.882418999999999620e-01	1.869857000000000102e+00	2.000000000000000000e+00
2.075016000000000194e+00	-8.435983999999999705e-01	5.010690999999999562e+00	2.000000000000000000e+00
1.100940000000000030e+00	1.799925999999999915e+00	-3.689421999999999979e-01	2.000000000000000000e+00
3.789117000000000068e+00	-4.632595000000000240e+00	-2.691216999999999970e+00	2.000000000000000000e+00
5.257907000000000330e+00	9.103975000000000151e+00	4.565312999999999732e+00	2.000000000000000000e+00
1.882315999999999989e-01	-3.904891999999999808e+00	-1.993111999999999995e+00	2.000000000000000000e+00
1.943878999999999913e+00	2.012915000000000010e+00	-2.442777999999999894e-01	2.000000000000000000e+00
2.075994000000000117e+00	-6.257135999999999809e-01	-4.690890999999999811e-02	2.000000000000000000e+00
5.309885000000000410e+00	-1.799666999999999906e+00	1.161030000000000006e+00	2.000000000000000000e+00
1.448927999999999994e+00	-7.414156000000000191e+00	-3.728216999999999892e+00	2.000000000000000000e+00
1.283892999999999951e+00	-1.236629999999999896e+00	4.567131999999999969e+00	2.000000000000000000e+00
2.076751999999999931e+00	-1.890981000000000023e+00	2.146421000000000134e+00	2.000000000000000000e+00
-2.522584999999999855e+00	-6.111431999999999976e-01	2.253855999999999860e+00	2.000000000000000000e+00
7.864556000000000324e+00	1.761767000000000083e+00	-1.679440999999999962e+00	2.000000000000000000e+00
-2.842330000000000023e+00	-4.885815000000000019e+00	5.030430000000000179e-01	2.000000000000000000e+00
3.009396000000000182e+00	-1.065113999999999894e+00	2.164222000000000090e+00	2.000000000000000000e+00
-3.273503999999999969e+00	-4.665199999999999569e+00	-1.130331999999999892e+00	2.000000000000000000e+00
-4.807812000000000197e-01	1.587906000000000040e+00	-4.548273000000000010e+00	2.000000000000000000e+00
-2.226770999999999834e+00	-2.733693999999999846e+00	2.805204999999999949e+00	2.000000000000000000e+00
-3.118659000000000188e-03	-3.959159999999999791e+00	-1.407078999999999969e+00	2.000000000000000000e+00
-3.284968999999999806e+00	1.824634000000000089e+00	2.734506999999999799e+00	2.000000000000000000e+00
3.733897999999999939e+00	4.388027000000000122e+00	1.083598000000000061e+00	2.000000000000000000e+00
-8.347440999999999889e-01	-2.187289999999999957e+00	1.229859000000000036e+00	2.000000000000000000e+00
3.033980999999999817e+00	-1.222418999999999922e+00	3.969822000000000184e+00	2.000000000000000000e+00
1.155672000000000033e+00	3.858162999999999787e+00	2.604950000000000099e+00	2.000000000000000000e+00
3.358896999999999800e+00	-1.027026999999999912e+00	-6.343606000000000522e-01	2.000000000000000000e+00
-3.886890000000000178e+00	-5.189490000000000158e+00	-1.789036999999999988e+00	2.000000000000000000e+00
7.883284000000000402e-01	5.584366000000000163e+00	6.578878000000000226e-01	2.000000000000000000e+00
8.084989999999999677e-01	8.842942999999999776e-01	-6.877014000000000182e-01	2.000000000000000000e+00
-3.239599000000000117e+00	7.157518999999999687e-02	-2.635428999999999800e+00	2.000000000000000000e+00
-4.040466999999999587e+00	-4.133658999999999750e+00	-4.718874000000000124e-01	2.000000000000000000e+00
-4.406659999999999577e+00	1.116416999999999993e+00	1.309244000000000074e+00	2.000000000000000000e+00
2.177722000000000158e+00	-2.906242000000000214e+00	-5.382854000000000250e-01	2.000000000000000000e+00
-5.423035999999999968e-01	2.754569000000000045e+00	-2.565609999999999946e+00	2.000000000000000000e+00
-4.680035000000000167e+00	6.311410999999999660e+00	-9.817531000000000452e-01	2.000000000000000000e+00
3.397221000000000268e-01	-4.130181999999999576e+00	-1.015879999999999894e+00	2.000000000000000000e+00
-2.569936999999999916e+00	1.606614999999999904e+00	4.930642000000000080e-01	2.000000000000000000e+00
-8.597722999999999824e-03	2.775126000000000204e+00	3.716914000000000051e+00	2.000000000000000000e+00
-4.032857000000000247e-01	-2.865251999999999799e-01	9.624962000000000240e-01	2.000000000000000000e+00
-7.338297000000000292e-01	4.092920000000000336e+00	1.401296000000000097e+00	2.000000000000000000e+00
-4.953255999999999659e+00	1.546696000000000071e+00	2.078952999999999829e+00	2.000000000000000000e+00
-1.460271000000000097e+00	1.317704999999999904e+00	-2.201737000000000055e+00	2.000000000000000000e+00
5.009098999999999968e+00	-3.105472999999999928e+00	-2.461173000000000055e+00	2.000000000000000000e+00
-3.860497999999999985e-01	6.676988999999999841e+00	2.408224000000000142e+00	2.000000000000000000e+00
3.285370000000000235e-01	3.946375000000000188e+00	1.836989999999999901e+00	2.000000000000000000e+00
2.975795000000000190e+00	2.422899000000000025e-01	3.540576000000000167e+00	2.000000000000000000e+00
-2.281982000000000177e+00	5.795711999999999975e+00	-1.732153999999999971e+00	2.000000000000000000e+00
-7.550154000000000032e-01	-8.253743000000000052e-01	-5.012500000000000178e+00	2.000000000000000000e+00
6.163693000000000310e+00	4.126769000000000354e+00	-1.222801999999999945e+00	2.000000000000000000e+00
-3.508144999999999847e+00	-5.291993999999999865e+00	-1.610149999999999970e+00	2.000000000000000000e+00
-5.110322999999999949e-01	5.576282999999999657e-01	-3.284501999999999811e+00	2.000000000000000000e+00
1.432412999999999936e+00	-2.198103000000000140e+00	-5.593887999999999749e+00	2.000000000000000000e+00
-4.250549000000000133e-01	-6.164633999999999947e-01	1.152037999999999895e+00	2.000000000000000000e+00
-7.859105999999999703e+00	-7.170841999999999494e-01	-1.403426000000000062e+00	2.000000000000000000e+00
5.771182000000000256e-01	1.855939999999999923e+00	-4.034600999999999882e-01	2.000000000000000000e+00
3.978061999999999987e-01	-1.407337000000000060e+00	1.799774999999999903e+00	2.000000000000000000e+00
5.946682000000000023e+00	-2.297921999999999798e+00	2.049365999999999965e-01	2.000000000000000000e+00
-5.928308999999999662e-02	-5.609141000000000155e+00	-4.828497999999999957e-01	2.000000000000000000e+00
-1.098157999999999967e+00	-6.583594999999999864e+00	-2.115050000000000097e+00	2.000000000000000000e+00
-2.428036999999999779e+00	1.155442000000000080e+00	8.356919999999999904e-01	2.000000000000000000e+00
-1.454577999999999927e+00	-1.356916999999999929e+00	2.029917999999999889e+00	2.000000000000000000e+00
4.839733999999999980e+00	8.496217000000000352e-01	-1.849933999999999967e+00	2.000000000000000000e+00
-2.983915999999999791e+00	-6.775176000000000531e-01	-3.542803999999999842e+00	2.000000000000000000e+00
2.804997999999999880e+00	-1.118265999999999982e+00	4.963223999999999969e-01	2.000000000000000000e+00
-8.027642000000000388e-01	4.263138999999999790e+00	-9.897300999999999460e-01	2.000000000000000000e+00
-2.986947999999999936e+00	3.252585999999999977e+00	-3.716943000000000108e+00	2.000000000000000000e+00
1.530624999999999902e+00	-8.581271000000000315e-01	-2.522412999999999794e+00	2.000000000000000000e+00
4.877746000000000026e-01	4.988319999999999976e-01	-1.773277999999999910e+00	2.000000000000000000e+00
1.953489999999999949e+00	-1.735889999999999933e+00	2.884816999999999965e+00	2.000000000000000000e+00
8.812891000000000474e-01	-1.219494999999999996e+00	5.764980999999999689e+00	2.000000000000000000e+00
9.317047999999999996e-02	2.604835000000000012e+00	-7.022605999999999682e+00	2.000000000000000000e+00
-3.539404000000000217e+00	2.428516000000000119e+00	-1.240127999999999897e+00	2.000000000000000000e+00
-3.932523000000000213e+00	-4.912853000000000137e+00	-4.865092999999999890e+00	2.000000000000000000e+00
-2.675714000000000148e+00	-2.196410999999999891e+00	7.585623000000000005e+00	2.000000000000000000e+00
9.041734000000000160e-01	5.937511999999999901e+00	1.120111000000000079e+00	2.000000000000000000e+00
-2.838528999999999858e+00	4.076370999999999967e+00	1.092287999999999926e+00	2.000000000000000000e+00
-4.201610999999999763e+00	6.896202999999999361e-02	-2.639374999999999916e-01	2.000000000000000000e+00
3.715026000000000161e-01	1.343750999999999918e+00	-2.014508000000000187e+00	2.000000000000000000e+00
-3.719853000000000076e+00	-5.478989999999999583e+00	1.188598000000000043e+00	2.000000000000000000e+00
2.313992999999999967e+00	1.973408000000000051e+00	-1.766602000000000006e+00	2.000000000000000000e+00
-1.626679999999999904e+00	1.381788999999999934e+00	3.044932999999999890e+00	2.000000000000000000e+00
4.701603000000000421e+00	3.080433000000000199e+00	1.062939000000000078e+00	2.000000000000000000e+00
-1.809785999999999895e+00	5.965799000000000518e-01	-3.307109000000000076e+00	2.000000000000000000e+00
-1.489649000000000001e+00	3.334515000000000118e-01	2.058073999999999959e+00	2.000000000000000000e+00
2.674433000000000060e+00	-2.163164999999999782e+00	4.663327999999999918e+00	2.000000000000000000e+00
4.177257999999999805e-01	-3.090927999999999898e+00	2.503890999999999867e+00	2.000000000000000000e+00
-6.343364000000000225e-01	-2.428258000000000028e+00	4.153796999999999962e+00	2.000000000000000000e+00
1.670784000000000047e+00	-5.532695000000000363e+00	-8.430020999999999765e-01	2.000000000000000000e+00
-1.489333999999999936e+00	5.117131000000000318e-01	-4.239289999999999559e+00	2.000000000000000000e+00
2.002892999999999812e+00	-4.335721000000000380e+00	9.294326999999999117e+00	2.000000000000000000e+00
4.493405999999999789e-01	-1.711912000000000100e+00	-1.666487000000000052e+00	2.000000000000000000e+00
4.622112999999999694e+00	-1.718421999999999894e+00	-6.745685999999999627e-01	2.000000000000000000e+00
4.853149999999999964e-01	-5.637338999999999878e+00	-4.361569000000000140e-01	2.000000000000000000e+00
3.700038999999999856e+00	-3.555048999999999904e+00	-4.383863999999999983e+00	2.000000000000000000e+00
1.042715000000000031e-01	-1.783742000000000105e-01	1.789031999999999956e+00	2.000000000000000000e+00
-3.441810999999999954e+00	2.308941999999999939e-01	-2.150525000000000020e+00	2.000000000000000000e+00
1.491338999999999970e+00	-8.376263999999999932e-01	1.271981999999999946e+00	2.000000000000000000e+00
-3.234402000000000221e+00	-1.808230999999999922e+00	-3.649340000000000028e+00	2.000000000000000000e+00
2.080019000000000062e+00	4.774983000000000005e-03	9.140660999999999925e-01	2.000000000000000000e+00
-5.494790000000000063e+00	3.534909999999999997e+00	1.142128999999999950e+00	2.000000000000000000e+00
4.079701000000000022e+00	5.265863000000000405e+00	-2.058413999999999966e+00	2.000000000000000000e+00
2.758031000000000232e-01	-1.937168999999999974e-01	1.107633000000000090e+00	2.000000000000000000e+00
3.040440999999999949e+00	-2.243949000000000193e+00	1.626436999999999911e+00	2.000000000000000000e+00
-1.445220000000000116e-01	6.527298999999999740e-01	1.191218000000000110e+00	2.000000000000000000e+00
3.293521000000000143e+00	3.345644000000000062e+00	-8.037229000000000179e-01	2.000000000000000000e+00
-3.870643999999999973e+00	-1.555482999999999949e+00	-2.785293999999999826e-01	2.000000000000000000e+00
1.729527999999999954e+00	-3.898264000000000173e+00	1.746642000000000028e+00	2.000000000000000000e+00
8.641050999999999593e-01	-2.456077000000000066e+00	3.835895999999999972e+00	2.000000000000000000e+00
-9.963442999999999605e-01	3.907127000000000017e+00	4.428097000000000172e+00	2.000000000000000000e+00
-3.009907999999999806e+00	8.073033999999999766e-02	-4.535219999999999807e+00	2.000000000000000000e+00
4.185204999999999842e+00	-9.303025999999999796e-01	6.718948999999999616e-01	2.000000000000000000e+00
3.853744999999999976e+00	-3.348237999999999825e+00	-4.482353999999999949e+00	2.000000000000000000e+00
2.009968000000000171e-02	-2.239405999999999786e+00	4.830845000000000056e+00	2.000000000000000000e+00
5.227990000000000137e-01	1.280248999999999970e+00	-3.793302999999999869e+00	2.000000000000000000e+00
2.095706999999999987e+00	-7.357502999999999682e-01	3.758431999999999995e+00	2.000000000000000000e+00
-4.656393999999999700e+00	-6.939252000000000198e-01	-3.362514000000000003e+00	2.000000000000000000e+00
2.418149999999999800e+00	-3.682885999999999882e+00	6.882082999999999950e-01	2.000000000000000000e+00
5.001427999999999763e+00	4.521816000000000280e+00	-3.551029999999999909e+00	2.000000000000000000e+00
2.477507999999999821e+00	-1.238599999999999923e+00	-1.288459999999999939e+00	2.000000000000000000e+00
4.748668999999999585e+00	-2.637735999999999859e+00	-9.213919000000000414e-01	2.000000000000000000e+00
-9.674336000000000046e-01	7.032499999999999862e-02	-1.988710999999999895e+00	2.000000000000000000e+00
-8.809894000000000336e-01	2.270786999999999889e+00	2.039960999999999913e+00	2.000000000000000000e+00
-5.681612000000000329e+00	4.389901000000000053e+00	5.012737999999999694e+00	2.000000000000000000e+00
-2.243695000000000217e+00	2.096124000000000043e-01	-3.017765999999999948e+00	2.000000000000000000e+00
-3.906830999999999943e+00	-4.972195000000000142e+00	-3.244617999999999808e-02	2.000000000000000000e+00
3.321620999999999935e+00	-5.973437000000000330e-01	4.792703999999999853e-01	2.000000000000000000e+00
8.592243999999999993e-01	3.654618000000000144e+00	-1.711772999999999989e+00	2.000000000000000000e+00
-4.422729000000000354e+00	-1.650484000000000062e+00	-3.384929999999999883e-01	2.000000000000000000e+00
3.255993999999999833e+00	-1.733413000000000093e+00	2.384684000000000026e+00	2.000000000000000000e+00
3.683166999999999969e-01	-6.210238999999999621e-01	2.452386000000000177e+00	2.000000000000000000e+00
1.728795000000000082e+00	4.226163000000000003e-01	7.255092000000000485e-02	2.000000000000000000e+00
7.144110000000000404e+00	3.708753000000000188e+00	-2.432958999999999872e+00	2.000000000000000000e+00
-2.977869000000000210e-01	6.195213000000000525e-01	-5.548627999999999894e-01	2.000000000000000000e+00
-3.203857000000000177e+00	-2.275129000000000179e+00	-6.945145000000000346e-01	2.000000000000000000e+00
-1.565804999999999891e+00	5.209584999999999910e-01	-8.820234999999999881e-02	2.000000000000000000e+00
-8.787357999999999558e-01	3.693477999999999817e+00	1.758421000000000012e+00	2.000000000000000000e+00
-1.531026999999999916e+00	6.816364999999999785e-01	5.432711999999999541e-01	2.000000000000000000e+00
5.007536999999999683e-01	-1.848208999999999991e+00	6.056538000000000199e-01	2.000000000000000000e+00
1.089574000000000042e+00	-2.464932999999999985e-01	-3.355757999999999797e+00	2.000000000000000000e+00
-1.907717000000000107e+00	4.964502000000000415e+00	2.098422999999999927e+00	2.000000000000000000e+00
3.415462999999999916e+00	4.529520999999999908e+00	-1.617736000000000063e+00	2.000000000000000000e+00
